0 1000
1 1000
2 1000
3 1000
4 1000
5 1000
6 1000
7 1000
8 1000
9 1000
10 1000
11 1000
12 1000
13 1000
14 1000
15 1000
16 1000
17 1000
18 1000
19 1000
20 1000
21 1000
22 1000
23 1000
24 1000
25 1000
26 1000
27 1000
28 1000
29 1000
30 1000
31 1000
32 1000
33 1000
34 1000
35 387
36 1000
37 1000
38 1000
39 1000
40 1000
41 1000
42 1000
43 1000
44 1000
45 1000
46 1000
47 1000
48 1000
49 1000
50 1000
51 1000
52 1000
53 1000
54 1000
55 1000
56 1000
57 1000
58 1000
59 1000
60 1000
61 1000
62 1000
63 1000
64 1000
65 1000
66 1000
67 1000
68 1000
69 1000
70 1000
71 1000
72 1000
73 1000
74 1000
75 1000
76 1000
77 1000
78 1000
79 1000
80 1000
81 1000
82 1000
83 1000
84 1000
85 1000
86 1000
87 1000
88 1000
89 1000
90 1000
91 1000
92 1000
93 1000
94 1000
95 1000
96 1000
97 1000
98 1000
99 1000
100 1000
101 1000
102 1000
103 1000
104 1000
105 1000
106 1000
107 1000
108 1000
109 1000
110 1000
111 1000
112 1000
113 1000
114 1000
115 1000
116 1000
117 1000
118 1000
119 1000
120 1000
121 1000
122 1000
123 1000
124 1000
125 1000
126 1000
127 1000
128 1000
129 1000
130 1000
131 1000
132 1000
133 1000
134 1000
135 1000
136 1000
137 1000
138 1000
139 1000
140 1000
141 1000
142 1000
143 1000
144 1000
145 1000
146 1000
147 1000
148 1000
149 1000
150 1000
151 1000
152 1000
153 1000
154 1000
155 1000
156 1000
157 1000
158 1000
159 1000
160 1000
161 1000
162 1000
163 1000
164 1000
165 1000
166 1000
167 1000
168 1000
169 1000
170 1000
171 1000
172 1000
173 1000
174 1000
175 1000
176 1000
177 1000
178 1000
179 1000
180 1000
181 1000
182 1000
183 1000
184 1000
185 1000
186 1000
187 1000
188 1000
189 1000
190 1000
191 1000
192 1000
193 1000
194 1000
195 1000
196 1000
197 1000
198 1000
199 1000
200 1000
201 1000
202 1000
203 1000
204 1000
205 1000
206 1000
207 1000
208 1000
209 1000
210 1000
211 1000
212 1000
213 1000
214 1000
215 1000
216 1000
217 1000
218 1000
219 1000
220 1000
221 1000
222 1000
223 1000
224 1000
225 1000
226 1000
227 1000
228 1000
229 1000
230 1000
231 1000
232 1000
233 1000
234 1000
235 1000
236 1000
237 1000
238 1000
239 1000
240 1000
241 1000
242 1000
243 1000
244 1000
245 1000
246 1000
247 1000
248 1000
249 1000
250 1000
251 1000
252 1000
253 1000
254 1000
255 1000
256 1000
257 1000
258 1000
259 1000
260 1000
261 1000
262 1000
263 1000
264 1000
265 1000
266 1000
267 1000
268 1000
269 1000
270 1000
271 1000
272 1000
273 1000
274 1000
275 1000
276 1000
277 1000
278 1000
279 1000
280 1000
281 1000
282 1000
283 1000
284 1000
285 1000
286 1000
287 1000
288 1000
289 1000
290 1000
291 1000
292 1000
293 1000
294 1000
295 1000
296 1000
297 1000
298 1000
299 1000
300 1000
301 1000
302 1000
303 1000
304 1000
305 1000
306 1000
307 1000
308 1000
309 1000
310 1000
311 1000
312 1000
313 1000
314 1000
315 1000
316 1000
317 1000
318 1000
319 1000
320 1000
321 1000
322 1000
323 1000
324 1000
325 1000
326 1000
327 1000
328 1000
329 1000
330 1000
331 1000
332 1000
333 1000
334 1000
335 1000
336 1000
337 1000
338 1000
339 1000
340 1000
341 865
342 1000
343 1000
344 1000
345 1000
346 1000
347 1000
348 1000
349 799
350 1000
351 1000
352 1000
353 1000
354 1000
355 1000
356 1000
357 1000
358 1000
359 1000
360 1000
361 1000
362 1000
363 1000
364 1000
365 1000
366 1000
367 1000
368 1000
369 1000
370 1000
371 1000
372 1000
373 1000
374 1000
375 929
376 1000
377 1000
378 1000
379 650
380 1000
381 1000
382 1000
383 1000
384 1000
385 1000
386 1000
387 1000
388 1000
389 1000
390 1000
391 1000
392 1000
393 1000
394 1000
395 1000
396 1000
397 1000
398 1000
399 1000
400 1000
401 1000
402 1000
403 1000
404 1000
405 434
406 1000
407 1000
408 1000
409 1000
410 1000
411 1000
412 1000
413 1000
414 1000
415 1000
416 1000
417 1000
418 1000
419 1000
420 1000
421 1000
422 1000
423 670
424 1000
425 1000
426 1000
427 1000
428 1000
429 1000
430 1000
431 1000
432 1000
433 1000
434 1000
435 1000
436 1000
437 1000
438 1000
439 1000
440 1000
441 1000
442 1000
443 1000
444 1000
445 1000
446 1000
447 1000
448 1000
449 1000
450 1000
451 1000
452 1000
453 1000
454 1000
455 1000
456 1000
457 1000
458 1000
459 1000
460 995
461 1000
462 1000
463 1000
464 461
465 1000
466 1000
467 1000
468 433
469 1000
470 1000
471 1000
472 1000
473 1000
474 1000
475 1000
476 1000
477 1000
478 1000
479 1000
480 1000
481 1000
482 1000
483 1000
484 1000
485 688
486 1000
487 1000
488 1000
489 1000
490 1000
491 1000
492 1000
493 1000
494 1000
495 1000
496 1000
497 1000
498 1000
499 1000
500 1000
501 1000
502 651
503 1000
504 1000
505 828
506 1000
507 1000
508 1000
509 1000
510 354
511 1000
512 1000
513 1000
514 1000
515 1000
516 653
517 564
518 1000
519 1000
520 1000
521 720
522 1000
523 1000
524 1000
525 1000
526 1000
527 544
528 996
529 1000
530 1000
531 858
532 396
533 1000
534 1000
535 1000
536 1000
537 842
538 1000
539 1000
540 1000
541 1000
542 1000
543 1000
544 1000
545 1000
546 1000
547 1000
548 1000
549 1000
550 1000
551 1000
552 1000
553 1000
554 1000
555 1000
556 1000
557 1000
558 1000
559 1000
560 1000
561 1000
562 1000
563 1000
564 1000
565 1000
566 1000
567 1000
568 1000
569 1000
570 1000
571 1000
572 1000
573 1000
574 1000
575 1000
576 1000
577 1000
578 1000
579 1000
580 1000
581 1000
582 1000
583 1000
584 1000
585 1000
586 1000
587 1000
588 1000
589 1000
590 1000
591 1000
592 1000
593 1000
594 1000
595 1000
596 1000
597 1000
598 1000
599 1000
600 1000
601 727
602 1000
603 1000
604 1000
605 1000
606 1000
607 1000
608 530
609 1000
610 1000
611 1000
612 580
613 1000
614 1000
615 1000
616 1000
617 1000
618 1000
619 1000
620 249
621 1000
622 1000
623 1000
624 414
625 485
626 1000
627 1000
628 1000
629 1000
630 1000
631 1000
632 1000
633 1000
634 1000
635 1000
636 1000
637 1000
638 1000
639 1000
640 1000
641 1000
642 1000
643 1000
644 1000
645 1000
646 1000
647 1000
648 1000
649 1000
650 1000
651 1000
652 1000
653 1000
654 1000
655 1000
656 1000
657 1000
658 1000
659 1000
660 1000
661 1000
662 1000
663 1000
664 501
665 829
666 1000
667 1000
668 1000
669 616
670 1000
671 1000
672 1000
673 1000
674 1000
675 1000
676 1000
677 1000
678 1000
679 1000
680 1000
681 522
682 402
683 1000
684 1000
685 1000
686 1000
687 1000
688 1000
689 750
690 1000
691 1000
692 1000
693 1000
694 1000
695 1000
696 1000
697 1000
698 1000
699 1000
700 1000
701 1000
702 1000
703 1000
704 1000
705 1000
706 1000
707 1000
708 563
709 1000
710 1000
711 1000
712 1000
713 1000
714 1000
715 1000
716 1000
717 1000
718 843
719 1000
720 1000
721 1000
722 1000
723 1000
724 1000
725 1000
726 1000
727 1000
728 1000
729 1000
730 1000
731 1000
732 1000
733 1000
734 1000
735 1000
736 1000
737 1000
738 1000
739 1000
740 1000
741 1000
742 1000
743 1000
744 1000
745 1000
746 1000
747 1000
748 1000
749 1000
750 566
751 935
752 1000
753 1000
754 1000
755 1000
756 1000
757 1000
758 824
759 1000
760 1000
761 1000
762 1000
763 1000
764 1000
765 1000
766 1000
767 1000
768 1000
769 1000
770 1000
771 1000
772 1000
773 1000
774 1000
775 1000
776 1000
777 1000
778 1000
779 1000
780 1000
781 1000
782 1000
783 1000
784 1000
785 708
786 1000
787 1000
788 1000
789 1000
790 1000
791 1000
792 1000
793 1000
794 1000
795 1000
796 1000
797 1000
798 1000
799 1000
800 1000
801 1000
802 1000
803 1000
804 1000
805 1000
806 1000
807 1000
808 1000
809 1000
810 1000
811 1000
812 1000
813 1000
814 1000
815 1000
816 1000
817 1000
818 1000
819 1000
820 1000
821 1000
822 696
823 1000
824 1000
825 1000
826 1000
827 1000
828 1000
829 1000
830 1000
831 1000
832 1000
833 507
834 1000
835 1000
836 1000
837 1000
838 762
839 1000
840 1000
841 1000
842 1000
843 1000
844 1000
845 1000
846 1000
847 1000
848 1000
849 1000
850 1000
851 1000
852 602
853 859
854 463
855 1000
856 1000
857 1000
858 1000
859 1000
860 1000
861 1000
862 1000
863 1000
864 1000
865 1000
866 739
867 1000
868 1000
869 1000
870 1000
871 1000
872 1000
873 1000
874 1000
875 1000
876 1000
877 1000
878 1000
879 1000
880 1000
881 1000
882 1000
883 1000
884 1000
885 1000
886 1000
887 1000
888 1000
889 1000
890 1000
891 1000
892 1000
893 1000
894 1000
895 1000
896 1000
897 1000
898 1000
899 1000
900 1000
901 1000
902 816
903 1000
904 1000
905 1000
906 1000
907 1000
908 1000
909 1000
910 1000
911 1000
912 1000
913 1000
914 1000
915 1000
916 418
917 1000
918 1000
919 1000
920 1000
921 1000
922 1000
923 1000
924 1000
925 1000
926 1000
927 1000
928 1000
929 1000
930 1000
931 1000
932 1000
933 1000
934 1000
935 1000
936 1000
937 1000
938 1000
939 1000
940 1000
941 1000
942 1000
943 1000
944 1000
945 1000
946 1000
947 1000
948 1000
949 1000
950 1000
951 1000
952 1000
953 1000
954 356
955 1000
956 1000
957 1000
958 1000
959 1000
960 1000
961 1000
962 1000
963 1000
964 578
965 448
966 1000
967 1000
968 1000
969 1000
970 1000
971 1000
972 1000
973 1000
974 566
975 1000
976 1000
977 1000
978 345
979 1000
980 413
981 449
982 1000
983 1000
984 845
985 530
986 325
987 472
988 1000
989 351
990 348
991 562
992 432
993 1000
994 1000
995 1000
996 1000
997 1000
998 1000
999 1000
1000 1000
1001 1000
1002 1000
1003 1000
1004 1000
1005 1000
1006 1000
1007 1000
1008 1000
1009 553
1010 1000
1011 1000
1012 1000
1013 1000
1014 1000
1015 1000
1016 1000
1017 1000
1018 1000
1019 1000
1020 1000
1021 1000
1022 555
1023 1000
1024 1000
1025 1000
1026 1000
1027 1000
1028 1000
1029 1000
1030 1000
1031 1000
1032 1000
1033 1000
1034 1000
1035 1000
1036 1000
1037 1000
1038 1000
1039 1000
1040 1000
1041 1000
1042 1000
1043 1000
1044 1000
1045 1000
1046 1000
1047 1000
1048 809
1049 1000
1050 1000
1051 1000
1052 1000
1053 1000
1054 1000
1055 1000
1056 1000
1057 388
1058 1000
1059 363
1060 1000
1061 525
1062 736
1063 669
1064 1000
1065 1000
1066 1000
1067 1000
1068 1000
1069 1000
1070 1000
1071 1000
1072 1000
1073 1000
1074 1000
1075 1000
1076 1000
1077 980
1078 1000
1079 1000
1080 1000
1081 1000
1082 1000
1083 1000
1084 1000
1085 1000
1086 1000
1087 1000
1088 1000
1089 1000
1090 1000
1091 973
1092 824
1093 1000
1094 901
1095 1000
1096 1000
1097 1000
1098 1000
1099 1000
1100 1000
1101 1000
1102 1000
1103 1000
1104 1000
1105 1000
1106 1000
1107 1000
1108 1000
1109 632
1110 1000
1111 1000
1112 1000
1113 1000
1114 1000
1115 1000
1116 932
1117 1000
1118 1000
1119 1000
1120 1000
1121 1000
1122 297
1123 1000
1124 1000
1125 446
1126 453
1127 1000
1128 490
1129 1000
1130 388
1131 922
1132 1000
1133 1000
1134 1000
1135 1000
1136 1000
1137 1000
1138 1000
1139 1000
1140 590
1141 1000
1142 1000
1143 1000
1144 1000
1145 1000
1146 1000
1147 1000
1148 1000
1149 1000
1150 1000
1151 1000
1152 1000
1153 1000
1154 1000
1155 1000
1156 1000
1157 1000
1158 1000
1159 1000
1160 1000
1161 1000
1162 1000
1163 1000
1164 1000
1165 427
1166 675
1167 1000
1168 1000
1169 1000
1170 1000
1171 1000
1172 1000
1173 1000
1174 1000
1175 1000
1176 332
1177 641
1178 1000
1179 1000
1180 1000
1181 1000
1182 1000
1183 1000
1184 1000
1185 1000
1186 1000
1187 1000
1188 1000
1189 1000
1190 1000
1191 1000
1192 1000
1193 1000
1194 1000
1195 1000
1196 576
1197 1000
1198 1000
1199 1000
1200 1000
1201 885
1202 474
1203 713
1204 503
1205 655
1206 1000
1207 1000
1208 988
1209 1000
1210 416
1211 1000
1212 1000
1213 1000
1214 1000
1215 1000
1216 1000
1217 1000
1218 457
1219 628
1220 448
1221 1000
1222 603
1223 1000
1224 1000
1225 1000
1226 1000
1227 1000
1228 1000
1229 1000
1230 1000
1231 1000
1232 1000
1233 1000
1234 1000
1235 1000
1236 1000
1237 1000
1238 1000
1239 1000
1240 1000
1241 1000
1242 1000
1243 1000
1244 389
1245 1000
1246 694
1247 1000
1248 1000
1249 1000
1250 1000
1251 1000
1252 1000
1253 1000
1254 1000
1255 1000
1256 1000
1257 1000
1258 1000
1259 1000
1260 1000
1261 1000
1262 1000
1263 1000
1264 1000
1265 1000
1266 1000
1267 1000
1268 1000
1269 1000
1270 1000
1271 1000
1272 1000
1273 1000
1274 467
1275 487
1276 1000
1277 785
1278 1000
1279 680
1280 1000
1281 1000
1282 1000
1283 1000
1284 1000
1285 1000
1286 901
1287 1000
1288 245
1289 1000
1290 1000
1291 1000
1292 1000
1293 1000
1294 1000
1295 1000
1296 1000
1297 867
1298 1000
1299 1000
1300 1000
1301 1000
1302 1000
1303 1000
1304 1000
1305 1000
1306 1000
1307 1000
1308 1000
1309 1000
1310 1000
1311 1000
1312 681
1313 775
1314 365
1315 1000
1316 991
1317 1000
1318 1000
1319 1000
1320 1000
1321 1000
1322 1000
1323 1000
1324 1000
1325 345
1326 1000
1327 1000
1328 1000
1329 440
1330 538
1331 1000
1332 1000
1333 1000
1334 1000
1335 1000
1336 1000
1337 1000
1338 1000
1339 1000
1340 1000
1341 1000
1342 957
1343 503
1344 1000
1345 732
1346 468
1347 1000
1348 1000
1349 1000
1350 1000
1351 1000
1352 849
1353 1000
1354 1000
1355 1000
1356 1000
1357 1000
1358 1000
1359 1000
1360 469
1361 1000
1362 995
1363 1000
1364 1000
1365 1000
1366 1000
1367 1000
1368 1000
1369 1000
1370 1000
1371 1000
1372 1000
1373 1000
1374 1000
1375 543
1376 577
1377 1000
1378 1000
1379 1000
1380 1000
1381 1000
1382 1000
1383 1000
1384 358
1385 762
1386 1000
1387 1000
1388 1000
1389 353
1390 701
1391 550
1392 267
1393 1000
1394 754
1395 1000
1396 1000
1397 1000
1398 1000
1399 1000
1400 1000
1401 1000
1402 1000
1403 1000
1404 1000
1405 1000
1406 1000
1407 1000
1408 1000
1409 1000
1410 1000
1411 1000
1412 1000
1413 1000
1414 1000
1415 1000
1416 1000
1417 1000
1418 1000
1419 346
1420 1000
1421 1000
1422 1000
1423 567
1424 710
1425 1000
1426 306
1427 1000
1428 1000
1429 1000
1430 871
1431 1000
1432 489
1433 907
1434 732
1435 431
1436 743
1437 1000
1438 1000
1439 1000
1440 1000
1441 1000
1442 337
1443 423
1444 252
1445 1000
1446 847
1447 1000
1448 1000
1449 636
1450 341
1451 1000
1452 584
1453 1000
1454 821
1455 1000
1456 1000
1457 254
1458 856
1459 1000
1460 1000
1461 1000
1462 1000
1463 850
1464 568
1465 805
1466 448
1467 737
1468 1000
1469 1000
1470 1000
1471 539
1472 1000
1473 1000
1474 591
1475 1000
1476 1000
1477 1000
1478 1000
1479 1000
1480 1000
1481 1000
1482 968
1483 1000
1484 1000
1485 1000
1486 1000
1487 1000
1488 1000
1489 1000
1490 1000
1491 1000
1492 434
1493 350
1494 396
1495 1000
1496 1000
1497 1000
1498 1000
1499 451
1500 1000
1501 1000
1502 533
1503 474
1504 1000
1505 819
1506 438
1507 277
1508 433
1509 431
1510 376
1511 890
1512 534
1513 281
1514 338
1515 1000
1516 627
1517 1000
1518 231
1519 1000
1520 1000
1521 278
1522 1000
1523 1000
1524 1000
1525 1000
1526 1000
1527 648
1528 256
1529 281
1530 984
1531 402
1532 409
1533 561
1534 1000
1535 1000
1536 1000
1537 1000
1538 1000
1539 1000
1540 666
1541 1000
1542 1000
1543 1000
1544 1000
1545 1000
1546 1000
1547 1000
1548 463
1549 1000
1550 483
1551 1000
1552 1000
1553 923
1554 894
1555 279
1556 698
1557 263
1558 1000
1559 1000
1560 1000
1561 1000
1562 1000
1563 1000
1564 1000
1565 985
1566 261
1567 1000
1568 1000
1569 441
1570 1000
1571 181
1572 1000
1573 1000
1574 1000
1575 365
1576 1000
1577 1000
1578 1000
1579 1000
1580 1000
1581 1000
1582 1000
1583 1000
1584 1000
1585 1000
1586 1000
1587 1000
1588 1000
1589 1000
1590 261
1591 1000
1592 469
1593 1000
1594 1000
1595 741
1596 1000
1597 1000
1598 1000
1599 739
1600 1000
1601 1000
1602 1000
1603 1000
1604 1000
1605 1000
1606 1000
1607 1000
1608 1000
1609 1000
1610 843
1611 1000
1612 637
1613 942
1614 791
1615 737
1616 372
1617 1000
1618 360
1619 1000
1620 958
1621 777
1622 1000
1623 726
1624 918
1625 1000
1626 447
1627 849
1628 1000
1629 699
1630 789
1631 435
1632 442
1633 962
1634 337
1635 284
1636 262
1637 396
1638 453
1639 759
1640 166
1641 290
1642 450
1643 464
1644 251
1645 402
1646 497
1647 459
1648 245
1649 620
1650 570
1651 1000
1652 1000
1653 1000
1654 469
1655 275
1656 276
1657 1000
1658 258
1659 353
1660 883
1661 238
1662 443
1663 338
1664 243
1665 288
1666 375
1667 607
1668 239
1669 274
1670 295
1671 284
1672 394
1673 610
1674 299
1675 399
1676 615
1677 571
1678 246
1679 669
1680 632
1681 599
1682 473
1683 396
1684 268
1685 1000
1686 374
1687 794
1688 1000
1689 1000
1690 650
1691 695
1692 264
1693 1000
1694 1000
1695 996
1696 741
1697 906
1698 835
1699 527
1700 1000
1701 292
1702 751
1703 517
1704 1000
1705 719
1706 1000
1707 1000
1708 1000
1709 356
1710 1000
1711 180
1712 528
1713 1000
1714 1000
1715 1000
1716 1000
1717 1000
1718 1000
1719 854
1720 1000
1721 251
1722 968
1723 1000
1724 1000
1725 519
1726 497
1727 428
1728 330
1729 412
1730 375
1731 240
1732 166
1733 442
1734 777
1735 264
1736 774
1737 654
1738 243
1739 251
1740 257
1741 438
1742 425
1743 584
1744 458
1745 596
1746 441
1747 1000
1748 641
1749 488
1750 262
1751 261
1752 782
1753 635
1754 412
1755 268
1756 595
1757 331
1758 187
1759 400
1760 283
1761 359
1762 171
1763 295
1764 598
1765 270
1766 267
1767 268
1768 249
1769 260
1770 288
1771 255
1772 218
1773 552
1774 384
1775 686
1776 363
1777 333
1778 349
1779 318
1780 301
1781 368
1782 839
1783 265
1784 353
1785 249
1786 184
1787 236
1788 243
1789 190
1790 250
1791 262
1792 265
1793 492
1794 353
1795 264
1796 247
1797 263
1798 252
1799 173
1800 295
1801 212
1802 253
1803 263
1804 235
1805 713
1806 362
1807 360
1808 604
1809 764
1810 524
1811 303
1812 506
1813 1000
1814 276
1815 312
1816 243
1817 247
1818 258
1819 751
1820 256
1821 243
1822 387
1823 237
1824 229
1825 582
1826 198
1827 500
1828 188
1829 962
1830 479
1831 540
1832 1000
1833 296
1834 242
1835 615
1836 340
1837 970
1838 454
1839 452
1840 465
1841 825
1842 453
1843 1000
1844 657
1845 1000
1846 1000
1847 525
1848 1000
1849 398
1850 255
1851 321
1852 241
1853 264
1854 339
1855 1000
1856 493
1857 653
1858 421
1859 1000
1860 240
1861 252
1862 1000
1863 1000
1864 1000
1865 1000
1866 1000
1867 1000
1868 1000
1869 963
1870 525
1871 841
1872 1000
1873 918
1874 923
1875 574
1876 579
1877 232
1878 368
1879 437
1880 421
1881 1000
1882 1000
1883 1000
1884 266
1885 1000
1886 328
1887 228
1888 544
1889 341
1890 318
1891 582
1892 263
1893 234
1894 704
1895 324
1896 228
1897 253
1898 216
1899 409
1900 329
1901 228
1902 312
1903 366
1904 322
1905 223
1906 361
1907 572
1908 321
1909 600
1910 186
1911 317
1912 317
1913 266
1914 290
1915 174
1916 439
1917 651
1918 471
1919 168
1920 429
1921 240
1922 433
1923 684
1924 468
1925 320
1926 236
1927 519
1928 278
1929 420
1930 435
1931 284
1932 234
1933 468
1934 545
1935 327
1936 517
1937 226
1938 1000
1939 921
1940 1000
1941 234
1942 274
1943 272
1944 311
1945 341
1946 248
1947 262
1948 341
1949 271
1950 225
1951 646
1952 264
1953 232
1954 233
1955 330
1956 238
1957 344
1958 329
1959 277
1960 269
1961 234
1962 492
1963 259
1964 251
1965 243
1966 187
1967 172
1968 331
1969 336
1970 416
1971 469
1972 327
1973 222
1974 288
1975 233
1976 388
1977 455
1978 411
1979 260
1980 288
1981 244
1982 345
1983 276
1984 248
1985 182
1986 254
1987 243
1988 266
1989 200
1990 180
1991 282
1992 486
1993 375
1994 249
1995 400
1996 306
1997 442
1998 362
1999 229
2000 330
2001 235
2002 288
2003 248
2004 367
2005 287
2006 396
2007 550
2008 225
2009 286
2010 250
2011 356
2012 234
2013 405
2014 373
2015 279
2016 289
2017 385
2018 235
2019 369
2020 244
2021 233
2022 220
2023 301
2024 237
2025 315
2026 293
2027 326
2028 271
2029 308
2030 262
2031 240
2032 566
2033 395
2034 246
2035 390
2036 230
2037 240
2038 361
2039 249
2040 233
2041 293
2042 665
2043 257
2044 325
2045 241
2046 244
2047 241
2048 300
2049 511
2050 659
2051 339
2052 1000
2053 866
2054 1000
2055 723
2056 748
2057 1000
2058 289
2059 515
2060 272
2061 458
2062 470
2063 195
2064 260
2065 281
2066 254
2067 302
2068 266
2069 284
2070 257
2071 391
2072 596
2073 185
2074 564
2075 184
2076 265
2077 498
2078 261
2079 347
2080 175
2081 258
2082 239
2083 180
2084 327
2085 510
2086 268
2087 721
2088 748
2089 353
2090 352
2091 456
2092 547
2093 657
2094 1000
2095 741
2096 770
2097 416
2098 324
2099 248
2100 389
2101 392
2102 392
2103 1000
2104 448
2105 1000
2106 247
2107 1000
2108 1000
2109 238
2110 267
2111 542
2112 1000
2113 358
2114 612
2115 447
2116 228
2117 246
2118 256
2119 357
2120 243
2121 337
2122 235
2123 234
2124 229
2125 192
2126 240
2127 273
2128 288
2129 342
2130 302
2131 238
2132 642
2133 241
2134 332
2135 456
2136 466
2137 504
2138 968
2139 1000
2140 451
2141 350
2142 390
2143 333
2144 1000
2145 1000
2146 996
2147 275
2148 238
2149 536
2150 480
2151 1000
2152 1000
2153 333
2154 170
2155 264
2156 263
2157 407
2158 539
2159 230
2160 625
2161 313
2162 510
2163 305
2164 242
2165 553
2166 393
2167 262
2168 1000
2169 366
2170 1000
2171 1000
2172 185
2173 905
2174 491
2175 529
2176 748
2177 652
2178 1000
2179 402
2180 311
2181 695
2182 496
2183 866
2184 794
2185 348
2186 818
2187 655
2188 403
2189 334
2190 332
2191 324
2192 568
2193 243
2194 356
2195 508
2196 691
2197 658
2198 439
2199 498
2200 255
2201 245
2202 267
2203 358
2204 365
2205 286
2206 841
2207 592
2208 241
2209 228
2210 372
2211 229
2212 318
2213 344
2214 228
2215 232
2216 175
2217 189
2218 747
2219 259
2220 246
2221 411
2222 1000
2223 382
2224 350
2225 700
2226 225
2227 297
2228 425
2229 230
2230 944
2231 970
2232 553
2233 540
2234 516
2235 510
2236 244
2237 181
2238 229
2239 252
2240 230
2241 294
2242 384
2243 529
2244 402
2245 239
2246 355
2247 468
2248 353
2249 218
2250 320
2251 337
2252 274
2253 226
2254 448
2255 343
2256 241
2257 178
2258 260
2259 228
2260 224
2261 226
2262 226
2263 238
2264 311
2265 223
2266 242
2267 245
2268 220
2269 176
2270 329
2271 179
2272 323
2273 384
2274 234
2275 308
2276 369
2277 349
2278 477
2279 253
2280 330
2281 639
2282 273
2283 985
2284 324
2285 386
2286 241
2287 252
2288 302
2289 318
2290 242
2291 251
2292 239
2293 230
2294 234
2295 175
2296 270
2297 512
2298 243
2299 623
2300 328
2301 238
2302 471
2303 349
2304 270
2305 371
2306 329
2307 498
2308 223
2309 305
2310 530
2311 1000
2312 329
2313 255
2314 336
2315 451
2316 395
2317 230
2318 334
2319 228
2320 327
2321 333
2322 295
2323 363
2324 450
2325 641
2326 381
2327 327
2328 520
2329 1000
2330 391
2331 447
2332 472
2333 357
2334 370
2335 322
2336 512
2337 311
2338 324
2339 578
2340 253
2341 287
2342 479
2343 601
2344 1000
2345 355
2346 476
2347 481
2348 608
2349 700
2350 378
2351 444
2352 272
2353 256
2354 288
2355 784
2356 567
2357 1000
2358 1000
2359 974
2360 1000
2361 1000
2362 1000
2363 540
2364 274
2365 256
2366 364
2367 381
2368 387
2369 584
2370 371
2371 784
2372 255
2373 274
2374 1000
2375 281
2376 678
2377 344
2378 457
2379 443
2380 1000
2381 1000
2382 1000
2383 627
2384 526
2385 260
2386 700
2387 453
2388 338
2389 262
2390 168
2391 241
2392 168
2393 361
2394 171
2395 259
2396 260
2397 633
2398 243
2399 193
2400 431
2401 181
2402 357
2403 528
2404 394
2405 405
2406 164
2407 319
2408 330
2409 410
2410 541
2411 220
2412 351
2413 401
2414 233
2415 391
2416 260
2417 168
2418 354
2419 263
2420 268
2421 310
2422 259
2423 231
2424 268
2425 239
2426 330
2427 261
2428 234
2429 263
2430 330
2431 402
2432 252
2433 253
2434 229
2435 343
2436 389
2437 241
2438 245
2439 344
2440 342
2441 190
2442 485
2443 476
2444 273
2445 246
2446 266
2447 231
2448 231
2449 236
2450 408
2451 219
2452 528
2453 311
2454 225
2455 425
2456 232
2457 479
2458 952
2459 444
2460 516
2461 169
2462 346
2463 374
2464 330
2465 172
2466 1000
2467 296
2468 270
2469 466
2470 349
2471 242
2472 292
2473 367
2474 402
2475 366
2476 387
2477 257
2478 265
2479 356
2480 356
2481 286
2482 245
2483 285
2484 268
2485 272
2486 318
2487 487
2488 375
2489 255
2490 450
2491 357
2492 437
2493 369
2494 177
2495 239
2496 254
2497 352
2498 264
2499 243
2500 297
2501 255
2502 248
2503 242
2504 246
2505 288
2506 230
2507 240
2508 242
2509 223
2510 333
2511 240
2512 257
2513 178
2514 215
2515 280
2516 274
2517 297
2518 220
2519 211
2520 288
2521 361
2522 394
2523 406
2524 345
2525 256
2526 229
2527 176
2528 229
2529 446
2530 634
2531 553
2532 349
2533 388
2534 384
2535 354
2536 179
2537 269
2538 505
2539 784
2540 419
2541 343
2542 367
2543 554
2544 224
2545 245
2546 234
2547 783
2548 824
2549 670
2550 420
2551 335
2552 165
2553 502
2554 275
2555 742
2556 272
2557 580
2558 439
2559 352
2560 249
2561 1000
2562 754
2563 466
2564 216
2565 347
2566 373
2567 240
2568 402
2569 239
2570 234
2571 451
2572 255
2573 239
2574 271
2575 210
2576 328
2577 645
2578 364
2579 173
2580 228
2581 342
2582 294
2583 176
2584 262
2585 242
2586 474
2587 277
2588 249
2589 258
2590 268
2591 243
2592 248
2593 244
2594 385
2595 371
2596 360
2597 668
2598 1000
2599 408
2600 281
2601 476
2602 645
2603 961
2604 817
2605 974
2606 281
2607 293
2608 255
2609 260
2610 238
2611 598
2612 623
2613 155
2614 252
2615 254
2616 444
2617 237
2618 249
2619 258
2620 350
2621 419
2622 310
2623 309
2624 295
2625 192
2626 361
2627 254
2628 799
2629 250
2630 345
2631 742
2632 519
2633 177
2634 448
2635 363
2636 346
2637 770
2638 363
2639 274
2640 451
2641 1000
2642 639
2643 1000
2644 921
2645 514
2646 449
2647 458
2648 653
2649 328
2650 868
2651 819
2652 691
2653 413
2654 442
2655 1000
2656 453
2657 222
2658 553
2659 468
2660 1000
2661 1000
2662 833
2663 404
2664 740
2665 555
2666 1000
2667 1000
2668 1000
2669 796
2670 1000
2671 1000
2672 234
2673 276
2674 1000
2675 1000
2676 542
2677 367
2678 289
2679 580
2680 263
2681 260
2682 345
2683 464
2684 237
2685 351
2686 263
2687 359
2688 439
2689 467
2690 188
2691 527
2692 610
2693 815
2694 1000
2695 584
2696 1000
2697 1000
2698 322
2699 340
2700 418
2701 406
2702 341
2703 596
2704 440
2705 321
2706 339
2707 730
2708 385
2709 920
2710 763
2711 876
2712 443
2713 1000
2714 321
2715 279
2716 349
2717 237
2718 593
2719 249
2720 1000
2721 318
2722 368
2723 341
2724 732
2725 549
2726 585
2727 249
2728 492
2729 357
2730 248
2731 182
2732 814
2733 522
2734 962
2735 785
2736 227
2737 372
2738 315
2739 275
2740 267
2741 278
2742 377
2743 333
2744 346
2745 507
2746 366
2747 466
2748 352
2749 491
2750 264
2751 240
2752 343
2753 341
2754 375
2755 367
2756 575
2757 1000
2758 1000
2759 381
2760 556
2761 811
2762 704
2763 368
2764 293
2765 530
2766 505
2767 381
2768 892
2769 275
2770 1000
2771 427
2772 689
2773 1000
2774 684
2775 714
2776 829
2777 852
2778 685
2779 301
2780 568
2781 330
2782 419
2783 256
2784 324
2785 246
2786 275
2787 268
2788 242
2789 311
2790 235
2791 263
2792 262
2793 248
2794 333
2795 334
2796 341
2797 249
2798 257
2799 264
2800 370
2801 340
2802 267
2803 174
2804 370
2805 271
2806 334
2807 266
2808 271
2809 242
2810 265
2811 245
2812 246
2813 312
2814 382
2815 290
2816 170
2817 293
2818 168
2819 270
2820 279
2821 173
2822 251
2823 332
2824 275
2825 169
2826 277
2827 257
2828 523
2829 243
2830 188
2831 275
2832 280
2833 264
2834 167
2835 270
2836 257
2837 283
2838 272
2839 254
2840 269
2841 195
2842 351
2843 337
2844 274
2845 273
2846 402
2847 712
2848 248
2849 270
2850 267
2851 278
2852 402
2853 262
2854 362
2855 272
2856 245
2857 277
2858 254
2859 255
2860 267
2861 686
2862 266
2863 354
2864 336
2865 248
2866 338
2867 348
2868 249
2869 395
2870 464
2871 666
2872 366
2873 237
2874 238
2875 265
2876 249
2877 247
2878 254
2879 368
2880 231
2881 272
2882 254
2883 252
2884 266
2885 241
2886 246
2887 268
2888 357
2889 170
2890 281
2891 168
2892 242
2893 265
2894 163
2895 258
2896 245
2897 241
2898 372
2899 246
2900 258
2901 246
2902 437
2903 290
2904 266
2905 257
2906 251
2907 341
2908 189
2909 356
2910 263
2911 252
2912 265
2913 177
2914 250
2915 259
2916 239
2917 345
2918 244
2919 400
2920 291
2921 289
2922 470
2923 342
2924 514
2925 393
2926 201
2927 254
2928 367
2929 463
2930 241
2931 254
2932 163
2933 183
2934 246
2935 272
2936 323
2937 248
2938 250
2939 329
2940 338
2941 229
2942 320
2943 232
2944 240
2945 264
2946 239
2947 237
2948 239
2949 246
2950 264
2951 246
2952 232
2953 308
2954 268
2955 166
2956 322
2957 259
2958 250
2959 1000
2960 428
2961 389
2962 736
2963 537
2964 349
2965 757
2966 348
2967 350
2968 269
2969 356
2970 278
2971 659
2972 330
2973 1000
2974 375
2975 367
2976 404
2977 331
2978 424
2979 584
2980 472
2981 703
2982 510
2983 1000
2984 625
2985 419
2986 505
2987 548
2988 307
2989 664
2990 326
2991 442
2992 420
2993 259
2994 298
2995 200
2996 301
2997 353
2998 498
2999 343
3000 216
3001 204
3002 445
3003 646
3004 244
3005 492
3006 403
3007 687
3008 262
3009 190
3010 253
3011 167
3012 384
3013 249
3014 162
3015 235
3016 276
3017 242
3018 266
3019 251
3020 280
3021 373
3022 272
3023 241
3024 172
3025 382
3026 264
3027 230
3028 327
3029 337
3030 178
3031 284
3032 188
3033 642
3034 188
3035 247
3036 234
3037 347
3038 344
3039 345
3040 278
3041 250
3042 253
3043 250
3044 276
3045 244
3046 248
3047 263
3048 355
3049 259
3050 332
3051 392
3052 381
3053 201
3054 355
3055 281
3056 366
3057 171
3058 256
3059 629
3060 436
3061 270
3062 255
3063 372
3064 181
3065 472
3066 358
3067 473
3068 1000
3069 286
3070 524
3071 471
3072 296
3073 169
3074 276
3075 407
3076 282
3077 248
3078 875
3079 296
3080 165
3081 278
3082 348
3083 348
3084 1000
3085 367
3086 196
3087 434
3088 437
3089 1000
3090 513
3091 500
3092 241
3093 246
3094 234
3095 444
3096 288
3097 362
3098 267
3099 250
3100 223
3101 321
3102 365
3103 186
3104 264
3105 545
3106 430
3107 302
3108 179
3109 243
3110 165
3111 414
3112 252
3113 484
3114 797
3115 363
3116 267
3117 1000
3118 492
3119 175
3120 182
3121 226
3122 400
3123 978
3124 248
3125 360
3126 471
3127 542
3128 450
3129 423
3130 423
3131 443
3132 357
3133 351
3134 827
3135 1000
3136 1000
3137 742
3138 499
3139 493
3140 441
3141 1000
3142 1000
3143 1000
3144 1000
3145 570
3146 508
3147 639
3148 1000
3149 1000
3150 1000
3151 1000
3152 1000
3153 569
3154 305
3155 1000
3156 340
3157 228
3158 413
3159 407
3160 405
3161 248
3162 536
3163 1000
3164 1000
3165 813
3166 1000
3167 329
3168 1000
3169 429
3170 1000
3171 1000
3172 1000
3173 1000
3174 1000
3175 361
3176 1000
3177 1000
3178 1000
3179 1000
3180 1000
3181 951
3182 1000
3183 1000
3184 1000
3185 1000
3186 1000
3187 893
3188 1000
3189 691
3190 347
3191 643
3192 410
3193 303
3194 523
3195 247
3196 369
3197 215
3198 529
3199 471
3200 327
3201 307
3202 446
3203 493
3204 313
3205 335
3206 745
3207 304
3208 271
3209 438
3210 409
3211 309
3212 242
3213 442
3214 352
3215 245
3216 316
3217 436
3218 364
3219 334
3220 524
3221 725
3222 295
3223 626
3224 277
3225 336
3226 376
3227 246
3228 349
3229 438
3230 255
3231 260
3232 337
3233 254
3234 407
3235 434
3236 246
3237 347
3238 475
3239 324
3240 273
3241 334
3242 232
3243 354
3244 370
3245 528
3246 345
3247 398
3248 301
3249 284
3250 448
3251 470
3252 289
3253 303
3254 354
3255 534
3256 381
3257 387
3258 288
3259 294
3260 347
3261 245
3262 234
3263 371
3264 250
3265 246
3266 246
3267 240
3268 162
3269 461
3270 205
3271 264
3272 236
3273 344
3274 380
3275 348
3276 266
3277 330
3278 256
3279 327
3280 357
3281 275
3282 262
3283 274
3284 271
3285 254
3286 243
3287 232
3288 336
3289 294
3290 247
3291 357
3292 237
3293 315
3294 170
3295 331
3296 262
3297 426
3298 180
3299 292
3300 262
3301 258
3302 401
3303 255
3304 254
3305 331
3306 205
3307 319
3308 344
3309 233
3310 331
3311 341
3312 232
3313 323
3314 310
3315 305
3316 334
3317 164
3318 306
3319 260
3320 182
3321 376
3322 274
3323 260
3324 265
3325 265
3326 251
3327 279
3328 178
3329 272
3330 255
3331 171
3332 268
3333 268
3334 258
3335 251
3336 260
3337 171
3338 315
3339 173
3340 292
3341 266
3342 266
3343 259
3344 249
3345 230
3346 224
3347 279
3348 308
3349 331
3350 298
3351 310
3352 339
3353 367
3354 286
3355 376
3356 171
3357 177
3358 285
3359 315
3360 264
3361 262
3362 363
3363 347
3364 402
3365 344
3366 390
3367 278
3368 313
3369 329
3370 400
3371 306
3372 332
3373 232
3374 299
3375 342
3376 335
3377 415
3378 249
3379 1000
3380 480
3381 236
3382 268
3383 256
3384 200
3385 234
3386 327
3387 245
3388 257
3389 231
3390 333
3391 331
3392 240
3393 444
3394 255
3395 383
3396 236
3397 239
3398 231
3399 357
3400 255
3401 262
3402 273
3403 175
3404 233
3405 353
3406 470
3407 265
3408 240
3409 311
3410 241
3411 246
3412 245
3413 329
3414 261
3415 405
3416 334
3417 233
3418 254
3419 260
3420 258
3421 238
3422 256
3423 238
3424 280
3425 332
3426 252
3427 258
3428 246
3429 263
3430 263
3431 166
3432 248
3433 165
3434 184
3435 231
3436 228
3437 220
3438 250
3439 301
3440 226
3441 227
3442 225
3443 217
3444 232
3445 286
3446 217
3447 311
3448 246
3449 333
3450 241
3451 243
3452 169
3453 250
3454 154
3455 175
3456 234
3457 310
3458 217
3459 325
3460 423
3461 250
3462 394
3463 235
3464 379
3465 243
3466 225
3467 251
3468 219
3469 241
3470 232
3471 310
3472 259
3473 320
3474 249
3475 241
3476 175
3477 250
3478 173
3479 250
3480 175
3481 254
3482 277
3483 257
3484 252
3485 182
3486 260
3487 249
3488 310
3489 324
3490 245
3491 298
3492 195
3493 252
3494 245
3495 265
3496 340
3497 364
3498 581
3499 339
3500 324
3501 286
3502 271
3503 270
3504 241
3505 442
3506 266
3507 256
3508 158
3509 243
3510 250
3511 252
3512 344
3513 250
3514 254
3515 246
3516 359
3517 243
3518 242
3519 245
3520 246
3521 244
3522 322
3523 244
3524 313
3525 244
3526 249
3527 327
3528 238
3529 350
3530 478
3531 233
3532 172
3533 227
3534 227
3535 338
3536 241
3537 242
3538 390
3539 266
3540 335
3541 250
3542 278
3543 266
3544 278
3545 248
3546 422
3547 955
3548 280
3549 384
3550 273
3551 498
3552 280
3553 283
3554 246
3555 176
3556 273
3557 264
3558 283
3559 254
3560 300
3561 292
3562 269
3563 184
3564 536
3565 414
3566 413
3567 1000
3568 295
3569 273
3570 1000
3571 874
3572 961
3573 1000
3574 388
3575 634
3576 280
3577 274
3578 280
3579 185
3580 193
3581 187
3582 178
3583 267
3584 244
3585 253
3586 376
3587 451
3588 254
3589 258
3590 436
3591 315
3592 242
3593 275
3594 344
3595 171
3596 250
3597 245
3598 364
3599 455
3600 344
3601 342
3602 275
3603 340
3604 248
3605 257
3606 172
3607 343
3608 258
3609 324
3610 260
3611 257
3612 254
3613 383
3614 248
3615 611
3616 263
3617 339
3618 361
3619 173
3620 247
3621 257
3622 247
3623 244
3624 265
3625 179
3626 260
3627 163
3628 259
3629 249
3630 246
3631 255
3632 261
3633 256
3634 255
3635 240
3636 342
3637 357
3638 365
3639 254
3640 253
3641 423
3642 252
3643 428
3644 410
3645 510
3646 687
3647 1000
3648 1000
3649 1000
3650 893
3651 512
3652 243
3653 1000
3654 1000
3655 966
3656 934
3657 456
3658 237
3659 407
3660 283
3661 355
3662 170
3663 247
3664 275
3665 917
3666 274
3667 385
3668 455
3669 344
3670 698
3671 208
3672 339
3673 344
3674 366
3675 258
3676 443
3677 566
3678 186
3679 284
3680 515
3681 519
3682 281
3683 241
3684 260
3685 236
3686 235
3687 633
3688 250
3689 344
3690 254
3691 172
3692 363
3693 180
3694 437
3695 743
3696 645
3697 954
3698 339
3699 792
3700 1000
3701 589
3702 433
3703 448
3704 340
3705 265
3706 519
3707 279
3708 454
3709 360
3710 539
3711 632
3712 297
3713 166
3714 261
3715 169
3716 268
3717 168
3718 273
3719 160
3720 339
3721 168
3722 274
3723 354
3724 178
3725 276
3726 819
3727 463
3728 269
3729 564
3730 255
3731 262
3732 478
3733 245
3734 182
3735 694
3736 474
3737 179
3738 249
3739 256
3740 256
3741 356
3742 316
3743 1000
3744 248
3745 443
3746 740
3747 401
3748 267
3749 741
3750 376
3751 265
3752 349
3753 613
3754 278
3755 527
3756 391
3757 367
3758 483
3759 243
3760 531
3761 233
3762 252
3763 176
3764 252
3765 246
3766 670
3767 1000
3768 634
3769 513
3770 703
3771 286
3772 554
3773 1000
3774 358
3775 391
3776 189
3777 184
3778 198
3779 276
3780 247
3781 272
3782 268
3783 389
3784 182
3785 244
3786 176
3787 271
3788 286
3789 262
3790 279
3791 277
3792 367
3793 488
3794 280
3795 276
3796 359
3797 231
3798 312
3799 304
3800 347
3801 246
3802 567
3803 362
3804 267
3805 346
3806 183
3807 326
3808 251
3809 235
3810 230
3811 413
3812 171
3813 348
3814 173
3815 264
3816 241
3817 250
3818 336
3819 382
3820 231
3821 275
3822 260
3823 249
3824 326
3825 361
3826 335
3827 245
3828 357
3829 371
3830 289
3831 319
3832 261
3833 250
3834 253
3835 435
3836 417
3837 368
3838 338
3839 355
3840 340
3841 446
3842 389
3843 1000
3844 381
3845 265
3846 273
3847 264
3848 272
3849 267
3850 245
3851 367
3852 246
3853 258
3854 258
3855 253
3856 257
3857 278
3858 371
3859 302
3860 168
3861 387
3862 269
3863 284
3864 299
3865 385
3866 178
3867 372
3868 172
3869 270
3870 292
3871 275
3872 278
3873 253
3874 255
3875 249
3876 168
3877 257
3878 258
3879 242
3880 253
3881 319
3882 266
3883 355
3884 286
3885 322
3886 1000
3887 412
3888 889
3889 287
3890 257
3891 265
3892 321
3893 245
3894 236
3895 244
3896 241
3897 284
3898 246
3899 237
3900 250
3901 284
3902 258
3903 251
3904 331
3905 255
3906 256
3907 245
3908 240
3909 337
3910 221
3911 256
3912 185
3913 238
3914 188
3915 181
3916 292
3917 185
3918 240
3919 303
3920 371
3921 182
3922 252
3923 174
3924 206
3925 291
3926 281
3927 199
3928 286
3929 276
3930 157
3931 180
3932 403
3933 258
3934 190
3935 245
3936 262
3937 165
3938 316
3939 175
3940 274
3941 275
3942 262
3943 283
3944 173
3945 281
3946 167
3947 269
3948 249
3949 280
3950 268
3951 254
3952 268
3953 266
3954 191
3955 197
3956 166
3957 163
3958 166
3959 279
3960 168
3961 262
3962 234
3963 244
3964 264
3965 240
3966 236
3967 247
3968 324
3969 314
3970 162
3971 347
3972 235
3973 268
3974 229
3975 243
3976 353
3977 261
3978 269
3979 363
3980 257
3981 252
3982 381
3983 232
3984 235
3985 264
3986 275
3987 427
3988 263
3989 241
3990 174
3991 232
3992 178
3993 239
3994 252
3995 248
3996 177
3997 258
3998 240
3999 282
4000 170
4001 179
4002 272
4003 180
4004 174
4005 250
4006 185
4007 169
4008 149
4009 262
4010 342
4011 157
4012 223
4013 169
4014 236
4015 241
4016 243
4017 229
4018 232
4019 235
4020 167
4021 244
4022 171
4023 231
4024 235
4025 174
4026 176
4027 172
4028 230
4029 164
4030 226
4031 183
4032 262
4033 173
4034 240
4035 174
4036 259
4037 230
4038 281
4039 173
4040 163
4041 239
4042 250
4043 346
4044 245
4045 236
4046 244
4047 254
4048 228
4049 226
4050 232
4051 241
4052 227
4053 226
4054 307
4055 295
4056 170
4057 175
4058 313
4059 233
4060 283
4061 478
4062 254
4063 226
4064 201
4065 229
4066 150
4067 179
4068 476
4069 256
4070 464
4071 242
4072 246
4073 255
4074 233
4075 279
4076 243
4077 223
4078 217
4079 260
4080 249
4081 168
4082 238
4083 234
4084 243
4085 213
4086 279
4087 281
4088 337
4089 248
4090 373
4091 244
4092 261
4093 258
4094 301
4095 471
4096 364
4097 329
4098 230
4099 227
4100 231
4101 250
4102 242
4103 237
4104 323
4105 245
4106 227
4107 228
4108 242
4109 292
4110 232
4111 220
4112 347
4113 236
4114 303
4115 236
4116 235
4117 249
4118 223
4119 235
4120 229
4121 237
4122 220
4123 303
4124 239
4125 234
4126 219
4127 326
4128 306
4129 289
4130 281
4131 314
4132 391
4133 231
4134 235
4135 327
4136 317
4137 318
4138 235
4139 396
4140 396
4141 290
4142 256
4143 295
4144 392
4145 177
4146 246
4147 432
4148 238
4149 229
4150 245
4151 344
4152 218
4153 245
4154 348
4155 176
4156 238
4157 376
4158 239
4159 242
4160 423
4161 368
4162 444
4163 271
4164 417
4165 604
4166 390
4167 611
4168 317
4169 238
4170 195
4171 182
4172 326
4173 433
4174 637
4175 345
4176 428
4177 277
4178 262
4179 365
4180 370
4181 233
4182 450
4183 162
4184 895
4185 378
4186 540
4187 237
4188 525
4189 240
4190 259
4191 291
4192 176
4193 260
4194 343
4195 288
4196 169
4197 187
4198 235
4199 173
4200 234
4201 229
4202 230
4203 165
4204 161
4205 165
4206 189
4207 158
4208 240
4209 159
4210 164
4211 222
4212 174
4213 239
4214 247
4215 165
4216 169
4217 230
4218 228
4219 237
4220 243
4221 210
4222 286
4223 161
4224 163
4225 266
4226 193
4227 753
4228 1000
4229 432
4230 454
4231 489
4232 262
4233 299
4234 360
4235 336
4236 294
4237 283
4238 351
4239 644
4240 430
4241 272
4242 445
4243 223
4244 311
4245 247
4246 602
4247 222
4248 158
4249 337
4250 176
4251 331
4252 270
4253 153
4254 287
4255 438
4256 250
4257 254
4258 241
4259 233
4260 264
4261 780
4262 353
4263 267
4264 331
4265 245
4266 243
4267 165
4268 263
4269 171
4270 248
4271 160
4272 161
4273 240
4274 237
4275 737
4276 431
4277 960
4278 173
4279 452
4280 299
4281 694
4282 740
4283 1000
4284 253
4285 1000
4286 349
4287 1000
4288 1000
4289 1000
4290 1000
4291 1000
4292 493
4293 330
4294 590
4295 335
4296 255
4297 451
4298 1000
4299 1000
4300 820
4301 1000
4302 1000
4303 1000
4304 1000
4305 1000
4306 1000
4307 1000
4308 1000
4309 1000
4310 1000
4311 147
4312 545
4313 1000
4314 678
4315 524
4316 794
4317 331
4318 297
4319 372
4320 228
4321 212
4322 377
4323 229
4324 297
4325 308
4326 231
4327 304
4328 640
4329 840
4330 248
4331 1000
4332 423
4333 273
4334 1000
4335 511
4336 1000
4337 588
4338 1000
4339 1000
4340 576
4341 238
4342 788
4343 226
4344 327
4345 168
4346 272
4347 500
4348 175
4349 243
4350 244
4351 772
4352 258
4353 865
4354 441
4355 493
4356 341
4357 374
4358 242
4359 240
4360 1000
4361 249
4362 160
4363 340
4364 233
4365 222
4366 239
4367 395
4368 340
4369 423
4370 325
4371 236
4372 239
4373 443
4374 247
4375 571
4376 316
4377 247
4378 299
4379 210
4380 182
4381 255
4382 333
4383 171
4384 222
4385 251
4386 241
4387 251
4388 253
4389 340
4390 174
4391 286
4392 290
4393 178
4394 159
4395 254
4396 244
4397 236
4398 237
4399 273
4400 359
4401 161
4402 231
4403 160
4404 236
4405 244
4406 240
4407 242
4408 176
4409 183
4410 171
4411 161
4412 172
4413 279
4414 234
4415 171
4416 270
4417 168
4418 263
4419 352
4420 246
4421 236
4422 168
4423 248
4424 230
4425 245
4426 264
4427 241
4428 236
4429 232
4430 252
4431 233
4432 314
4433 243
4434 236
4435 230
4436 222
4437 362
4438 304
4439 297
4440 296
4441 231
4442 191
4443 225
4444 449
4445 288
4446 430
4447 211
4448 332
4449 213
4450 223
4451 221
4452 161
4453 248
4454 259
4455 247
4456 256
4457 309
4458 309
4459 256
4460 250
4461 306
4462 257
4463 240
4464 165
4465 326
4466 345
4467 233
4468 315
4469 328
4470 331
4471 172
4472 174
4473 184
4474 299
4475 231
4476 351
4477 243
4478 272
4479 281
4480 183
4481 258
4482 230
4483 254
4484 264
4485 287
4486 180
4487 231
4488 174
4489 182
4490 162
4491 238
4492 251
4493 160
4494 166
4495 174
4496 161
4497 261
4498 243
4499 243
4500 270
4501 271
4502 159
4503 218
4504 261
4505 161
4506 238
4507 270
4508 160
4509 189
4510 168
4511 160
4512 157
4513 168
4514 304
4515 353
4516 162
4517 264
4518 250
4519 222
4520 164
4521 162
4522 254
4523 246
4524 264
4525 168
4526 309
4527 266
4528 206
4529 175
4530 233
4531 193
4532 157
4533 157
4534 157
4535 298
4536 205
4537 159
4538 169
4539 220
4540 226
4541 267
4542 161
4543 155
4544 160
4545 244
4546 258
4547 246
4548 159
4549 160
4550 160
4551 159
4552 238
4553 154
4554 270
4555 156
4556 165
4557 156
4558 179
4559 241
4560 267
4561 235
4562 248
4563 230
4564 157
4565 163
4566 253
4567 162
4568 286
4569 725
4570 260
4571 271
4572 260
4573 166
4574 266
4575 183
4576 293
4577 189
4578 267
4579 263
4580 171
4581 259
4582 158
4583 249
4584 155
4585 184
4586 265
4587 161
4588 163
4589 188
4590 148
4591 273
4592 159
4593 160
4594 163
4595 185
4596 163
4597 168
4598 164
4599 157
4600 158
4601 282
4602 277
4603 253
4604 169
4605 188
4606 338
4607 304
4608 237
4609 266
4610 274
4611 250
4612 258
4613 227
4614 330
4615 230
4616 171
4617 164
4618 179
4619 248
4620 160
4621 173
4622 159
4623 268
4624 166
4625 180
4626 165
4627 160
4628 162
4629 167
4630 151
4631 266
4632 161
4633 162
4634 168
4635 159
4636 173
4637 250
4638 164
4639 254
4640 155
4641 248
4642 247
4643 267
4644 160
4645 231
4646 178
4647 243
4648 238
4649 258
4650 228
4651 155
4652 244
4653 288
4654 323
4655 270
4656 164
4657 264
4658 287
4659 248
4660 166
4661 278
4662 250
4663 256
4664 252
4665 239
4666 257
4667 253
4668 252
4669 231
4670 236
4671 235
4672 254
4673 266
4674 179
4675 170
4676 255
4677 254
4678 166
4679 171
4680 238
4681 387
4682 176
4683 178
4684 171
4685 183
4686 259
4687 168
4688 168
4689 183
4690 169
4691 172
4692 255
4693 164
4694 168
4695 269
4696 171
4697 194
4698 269
4699 301
4700 269
4701 164
4702 166
4703 164
4704 258
4705 173
4706 159
4707 161
4708 164
4709 163
4710 275
4711 257
4712 157
4713 377
4714 241
4715 250
4716 155
4717 152
4718 253
4719 220
4720 263
4721 253
4722 182
4723 167
4724 259
4725 263
4726 256
4727 370
4728 264
4729 257
4730 385
4731 356
4732 259
4733 239
4734 281
4735 306
4736 249
4737 243
4738 255
4739 234
4740 253
4741 247
4742 436
4743 238
4744 360
4745 327
4746 244
4747 247
4748 238
4749 259
4750 236
4751 426
4752 241
4753 327
4754 239
4755 375
4756 452
4757 596
4758 305
4759 228
4760 349
4761 651
4762 242
4763 412
4764 667
4765 247
4766 492
4767 386
4768 247
4769 889
4770 365
4771 244
4772 351
4773 346
4774 164
4775 266
4776 241
4777 241
4778 250
4779 250
4780 625
4781 309
4782 868
4783 330
4784 1000
4785 342
4786 319
4787 783
4788 317
4789 396
4790 258
4791 409
4792 389
4793 327
4794 254
4795 702
4796 569
4797 341
4798 650
4799 654
4800 390
4801 1000
4802 1000
4803 659
4804 346
4805 701
4806 1000
4807 260
4808 535
4809 330
4810 254
4811 1000
4812 570
4813 441
4814 333
4815 650
4816 674
4817 1000
4818 765
4819 333
4820 400
4821 324
4822 1000
4823 832
4824 269
4825 598
4826 1000
4827 1000
4828 1000
4829 1000
4830 410
4831 523
4832 437
4833 1000
4834 369
4835 375
4836 1000
4837 371
4838 721
4839 639
4840 373
4841 331
4842 245
4843 251
4844 528
4845 259
4846 370
4847 583
4848 611
4849 441
4850 361
4851 343
4852 259
4853 430
4854 282
4855 262
4856 515
4857 596
4858 355
4859 258
4860 223
4861 253
4862 246
4863 153
4864 347
4865 285
4866 258
4867 258
4868 256
4869 181
4870 265
4871 271
4872 273
4873 256
4874 270
4875 253
4876 244
4877 245
4878 427
4879 171
4880 240
4881 338
4882 315
4883 254
4884 252
4885 260
4886 354
4887 335
4888 261
4889 564
4890 256
4891 259
4892 295
4893 289
4894 263
4895 274
4896 256
4897 204
4898 247
4899 277
4900 280
4901 177
4902 277
4903 461
4904 254
4905 259
4906 286
4907 285
4908 274
4909 262
4910 354
4911 280
4912 183
4913 259
4914 246
4915 257
4916 267
4917 230
4918 246
4919 258
4920 240
4921 244
4922 162
4923 258
4924 246
4925 251
4926 164
4927 318
4928 224
4929 168
4930 259
4931 251
4932 421
4933 336
4934 338
4935 258
4936 251
4937 265
4938 493
4939 346
4940 170
4941 264
4942 281
4943 259
4944 190
4945 173
4946 377
4947 256
4948 192
4949 258
4950 265
4951 332
4952 339
4953 265
4954 266
4955 259
4956 270
4957 258
4958 268
4959 254
4960 246
4961 258
4962 241
4963 263
4964 255
4965 263
4966 170
4967 169
4968 180
4969 177
4970 188
4971 246
4972 250
4973 258
4974 259
4975 350
4976 339
4977 343
4978 266
4979 275
4980 273
4981 247
4982 323
4983 408
4984 249
4985 256
4986 327
4987 250
4988 365
4989 245
4990 245
4991 250
4992 252
4993 246
4994 255
4995 274
4996 224
4997 269
4998 425
4999 211
5000 283
5001 183
5002 268
5003 253
5004 286
5005 273
5006 182
5007 270
5008 192
5009 280
5010 272
5011 564
5012 279
5013 168
5014 269
5015 258
5016 182
5017 273
5018 156
5019 294
5020 271
5021 245
5022 264
5023 184
5024 185
5025 154
5026 163
5027 157
5028 159
5029 259
5030 159
5031 163
5032 262
5033 174
5034 162
5035 246
5036 254
5037 168
5038 166
5039 168
5040 164
5041 251
5042 176
5043 253
5044 258
5045 154
5046 245
5047 159
5048 159
5049 163
5050 235
5051 205
5052 243
5053 254
5054 263
5055 228
5056 291
5057 297
5058 287
5059 276
5060 246
5061 240
5062 262
5063 246
5064 356
5065 264
5066 261
5067 158
5068 242
5069 150
5070 144
5071 151
5072 161
5073 164
5074 235
5075 262
5076 227
5077 242
5078 229
5079 256
5080 238
5081 246
5082 235
5083 236
5084 233
5085 432
5086 174
5087 169
5088 183
5089 152
5090 155
5091 249
5092 158
5093 245
5094 144
5095 245
5096 262
5097 149
5098 146
5099 168
5100 171
5101 159
5102 258
5103 165
5104 156
5105 253
5106 161
5107 251
5108 273
5109 256
5110 166
5111 247
5112 251
5113 244
5114 237
5115 248
5116 175
5117 232
5118 251
5119 149
5120 250
5121 175
5122 229
5123 277
5124 261
5125 250
5126 252
5127 268
5128 249
5129 244
5130 508
5131 258
5132 253
5133 399
5134 255
5135 244
5136 248
5137 270
5138 163
5139 194
5140 224
5141 164
5142 155
5143 157
5144 270
5145 180
5146 159
5147 271
5148 171
5149 259
5150 230
5151 170
5152 282
5153 275
5154 292
5155 227
5156 226
5157 221
5158 171
5159 184
5160 170
5161 262
5162 181
5163 297
5164 158
5165 162
5166 255
5167 273
5168 163
5169 163
5170 242
5171 265
5172 245
5173 157
5174 155
5175 156
5176 162
5177 154
5178 249
5179 260
5180 243
5181 240
5182 259
5183 235
5184 154
5185 179
5186 450
5187 225
5188 234
5189 232
5190 238
5191 302
5192 397
5193 339
5194 251
5195 238
5196 221
5197 279
5198 293
5199 251
5200 237
5201 240
5202 228
5203 168
5204 238
5205 350
5206 253
5207 257
5208 1000
5209 265
5210 251
5211 345
5212 486
5213 260
5214 271
5215 328
5216 257
5217 263
5218 255
5219 262
5220 249
5221 261
5222 358
5223 354
5224 254
5225 368
5226 241
5227 459
5228 363
5229 370
5230 248
5231 265
5232 558
5233 260
5234 358
5235 545
5236 273
5237 244
5238 318
5239 229
5240 320
5241 159
5242 355
5243 332
5244 234
5245 468
5246 291
5247 326
5248 302
5249 238
5250 358
5251 334
5252 238
5253 156
5254 289
5255 164
5256 259
5257 348
5258 300
5259 150
5260 364
5261 376
5262 252
5263 344
5264 240
5265 169
5266 153
5267 188
5268 239
5269 243
5270 372
5271 156
5272 168
5273 254
5274 153
5275 149
5276 166
5277 247
5278 280
5279 244
5280 234
5281 166
5282 364
5283 249
5284 168
5285 162
5286 342
5287 169
5288 313
5289 338
5290 418
5291 159
5292 449
5293 246
5294 162
5295 246
5296 155
5297 281
5298 305
5299 244
5300 271
5301 376
5302 400
5303 242
5304 257
5305 158
5306 269
5307 158
5308 177
5309 164
5310 251
5311 174
5312 286
5313 189
5314 190
5315 255
5316 266
5317 269
5318 360
5319 285
5320 772
5321 657
5322 284
5323 455
5324 269
5325 387
5326 367
5327 157
5328 453
5329 246
5330 241
5331 179
5332 286
5333 255
5334 154
5335 164
5336 251
5337 353
5338 240
5339 415
5340 436
5341 681
5342 350
5343 641
5344 1000
5345 321
5346 366
5347 369
5348 246
5349 349
5350 278
5351 264
5352 254
5353 268
5354 884
5355 429
5356 1000
5357 1000
5358 748
5359 728
5360 250
5361 433
5362 227
5363 588
5364 744
5365 344
5366 823
5367 315
5368 415
5369 1000
5370 275
5371 757
5372 731
5373 730
5374 271
5375 364
5376 332
5377 1000
5378 308
5379 357
5380 406
5381 593
5382 443
5383 280
5384 183
5385 356
5386 429
5387 331
5388 372
5389 342
5390 275
5391 339
5392 273
5393 379
5394 260
5395 332
5396 267
5397 265
5398 365
5399 268
5400 259
5401 671
5402 674
5403 156
5404 276
5405 260
5406 338
5407 253
5408 167
5409 253
5410 189
5411 194
5412 445
5413 182
5414 256
5415 169
5416 238
5417 253
5418 249
5419 265
5420 276
5421 189
5422 174
5423 173
5424 163
5425 425
5426 432
5427 462
5428 462
5429 613
5430 529
5431 1000
5432 1000
5433 1000
5434 665
5435 662
5436 1000
5437 625
5438 329
5439 293
5440 416
5441 220
5442 290
5443 282
5444 302
5445 426
5446 456
5447 302
5448 282
5449 196
5450 287
5451 209
5452 305
5453 379
5454 305
5455 203
5456 199
5457 203
5458 192
5459 287
5460 293
5461 278
5462 377
5463 199
5464 289
5465 212
5466 307
5467 394
5468 202
5469 319
5470 290
5471 298
5472 195
5473 203
5474 206
5475 365
5476 197
5477 184
5478 194
5479 276
5480 186
5481 486
5482 394
5483 304
5484 199
5485 209
5486 202
5487 198
5488 201
5489 200
5490 292
5491 198
5492 206
5493 493
5494 195
5495 204
5496 204
5497 208
5498 209
5499 201
5500 207
5501 304
5502 217
5503 204
5504 198
5505 209
5506 433
5507 323
5508 425
5509 191
5510 201
5511 192
5512 185
5513 194
5514 185
5515 194
5516 209
5517 190
5518 210
5519 201
5520 202
5521 190
5522 203
5523 190
5524 190
5525 512
5526 201
5527 192
5528 193
5529 196
5530 201
5531 186
5532 453
5533 188
5534 189
5535 199
5536 280
5537 190
5538 196
5539 192
5540 190
5541 190
5542 248
5543 653
5544 436
5545 211
5546 199
5547 241
5548 219
5549 188
5550 196
5551 193
5552 202
5553 193
5554 249
5555 224
5556 223
5557 210
5558 215
5559 408
5560 243
5561 207
5562 1000
5563 497
5564 1000
5565 381
5566 200
5567 155
5568 156
5569 153
5570 160
5571 162
5572 161
5573 261
5574 198
5575 147
5576 155
5577 153
5578 252
5579 162
5580 255
5581 156
5582 163
5583 152
5584 164
5585 155
5586 243
5587 150
5588 158
5589 181
5590 149
5591 154
5592 162
5593 149
5594 151
5595 238
5596 153
5597 146
5598 150
5599 150
5600 181
5601 247
5602 261
5603 146
5604 156
5605 152
5606 253
5607 141
5608 154
5609 152
5610 152
5611 167
5612 172
5613 152
5614 154
5615 155
5616 141
5617 158
5618 159
5619 145
5620 159
5621 150
5622 147
5623 154
5624 161
5625 155
5626 154
5627 262
5628 145
5629 153
5630 144
5631 146
5632 146
5633 149
5634 139
5635 212
5636 167
5637 145
5638 165
5639 153
5640 159
5641 168
5642 150
5643 163
5644 150
5645 163
5646 151
5647 151
5648 153
5649 139
5650 143
5651 135
5652 146
5653 245
5654 156
5655 174
5656 218
5657 250
5658 229
5659 213
5660 220
5661 184
5662 298
5663 210
5664 235
5665 268
5666 158
5667 164
5668 164
5669 167
5670 164
5671 161
5672 165
5673 162
5674 175
5675 162
5676 163
5677 165
5678 160
5679 188
5680 163
5681 184
5682 165
5683 166
5684 156
5685 156
5686 151
5687 159
5688 157
5689 155
5690 151
5691 151
5692 150
5693 154
5694 153
5695 154
5696 154
5697 146
5698 160
5699 157
5700 144
5701 149
5702 151
5703 145
5704 149
5705 156
5706 150
5707 169
5708 154
5709 153
5710 150
5711 155
5712 153
5713 153
5714 168
5715 152
5716 161
5717 157
5718 151
5719 147
5720 144
5721 148
5722 151
5723 144
5724 145
5725 154
5726 147
5727 238
5728 258
5729 177
5730 249
5731 218
5732 223
5733 237
5734 142
5735 140
5736 134
5737 139
5738 140
5739 139
5740 151
5741 137
5742 139
5743 164
5744 246
5745 234
5746 146
5747 120
5748 209
5749 129
5750 129
5751 128
5752 236
5753 232
5754 197
5755 198
5756 199
5757 186
5758 127
5759 288
5760 199
5761 205
5762 196
5763 139
5764 191
5765 197
5766 235
5767 217
5768 121
5769 123
5770 219
5771 130
5772 119
5773 203
5774 130
5775 139
5776 278
5777 298
5778 288
5779 245
5780 235
5781 221
5782 300
5783 197
5784 272
5785 329
5786 237
5787 307
5788 218
5789 265
5790 190
5791 307
5792 229
5793 284
5794 348
5795 241
5796 246
5797 1000
5798 798
5799 216
5800 237
5801 213
5802 224
5803 216
5804 216
5805 210
5806 220
5807 202
5808 119
5809 145
5810 227
5811 219
5812 152
5813 220
5814 134
5815 141
5816 139
5817 120
5818 215
5819 199
5820 205
5821 208
5822 201
5823 123
5824 123
5825 129
5826 135
5827 198
5828 210
5829 213
5830 140
5831 203
5832 212
5833 213
5834 214
5835 206
5836 159
5837 207
5838 123
5839 152
5840 201
5841 174
5842 196
5843 361
5844 218
5845 195
5846 214
5847 127
5848 214
5849 235
5850 201
5851 213
5852 179
5853 121
5854 115
5855 124
5856 226
5857 223
5858 229
5859 217
5860 221
5861 202
5862 213
5863 221
5864 121
5865 126
5866 214
5867 118
5868 220
5869 119
5870 119
5871 123
5872 122
5873 132
5874 128
5875 126
5876 208
5877 139
5878 217
5879 200
5880 227
5881 128
5882 215
5883 222
5884 129
5885 116
5886 129
5887 133
5888 217
5889 119
5890 218
5891 123
5892 122
5893 221
5894 121
5895 120
5896 257
5897 183
5898 238
5899 248
5900 262
5901 348
5902 184
5903 262
5904 315
5905 265
5906 301
5907 285
5908 360
5909 643
5910 692
5911 211
5912 122
5913 137
5914 135
5915 230
5916 234
5917 195
5918 198
5919 119
5920 145
5921 216
5922 212
5923 399
5924 210
5925 213
5926 217
5927 374
5928 360
5929 201
5930 859
5931 312
5932 199
5933 197
5934 300
5935 397
5936 207
5937 207
5938 204
5939 216
5940 207
5941 201
5942 206
5943 219
5944 200
5945 312
5946 213
5947 205
5948 213
5949 204
5950 294
5951 217
5952 321
5953 207
5954 218
5955 218
5956 219
5957 216
5958 597
5959 235
5960 264
5961 321
5962 337
5963 302
5964 356
5965 320
5966 1000
5967 321
5968 391
5969 277
5970 219
5971 207
5972 211
5973 197
5974 384
5975 289
5976 201
5977 200
5978 203
5979 216
5980 198
5981 202
5982 205
5983 1000
5984 1000
5985 257
5986 598
5987 493
5988 181
5989 268
5990 294
5991 269
5992 553
5993 967
5994 354
5995 552
5996 272
5997 360
5998 417
5999 372
6000 626
6001 512
6002 279
6003 531
6004 634
6005 352
6006 356
6007 327
6008 248
6009 584
6010 472
6011 313
6012 451
6013 266
6014 340
6015 346
6016 664
6017 698
6018 1000
6019 367
6020 639
6021 853
6022 271
6023 433
6024 318
6025 844
6026 604
6027 898
6028 1000
6029 876
6030 270
6031 977
6032 1000
6033 1000
6034 1000
6035 1000
6036 712
6037 425
6038 261
6039 244
6040 790
6041 681
6042 337
6043 612
6044 1000
6045 854
6046 761
6047 1000
6048 1000
6049 1000
6050 1000
6051 371
6052 736
6053 784
6054 174
6055 266
6056 363
6057 326
6058 335
6059 329
6060 324
6061 251
6062 165
6063 425
6064 149
6065 255
6066 251
6067 223
6068 244
6069 242
6070 243
6071 248
6072 244
6073 180
6074 250
6075 244
6076 321
6077 244
6078 166
6079 249
6080 244
6081 237
6082 235
6083 237
6084 241
6085 240
6086 256
6087 246
6088 253
6089 314
6090 300
6091 240
6092 166
6093 171
6094 245
6095 249
6096 177
6097 237
6098 234
6099 259
6100 393
6101 238
6102 317
6103 239
6104 242
6105 338
6106 248
6107 237
6108 240
6109 238
6110 321
6111 240
6112 282
6113 467
6114 322
6115 248
6116 343
6117 550
6118 242
6119 487
6120 238
6121 164
6122 238
6123 327
6124 155
6125 160
6126 157
6127 244
6128 152
6129 238
6130 161
6131 237
6132 246
6133 174
6134 240
6135 337
6136 237
6137 261
6138 249
6139 243
6140 230
6141 242
6142 288
6143 313
6144 249
6145 235
6146 324
6147 1000
6148 550
6149 221
6150 270
6151 261
6152 217
6153 303
6154 339
6155 221
6156 240
6157 233
6158 242
6159 203
6160 184
6161 158
6162 248
6163 244
6164 230
6165 180
6166 240
6167 169
6168 153
6169 241
6170 186
6171 239
6172 241
6173 167
6174 191
6175 174
6176 171
6177 165
6178 244
6179 265
6180 157
6181 275
6182 158
6183 212
6184 250
6185 267
6186 240
6187 248
6188 243
6189 169
6190 168
6191 239
6192 179
6193 176
6194 244
6195 168
6196 179
6197 167
6198 167
6199 154
6200 239
6201 261
6202 244
6203 233
6204 188
6205 243
6206 233
6207 156
6208 258
6209 260
6210 247
6211 226
6212 163
6213 156
6214 171
6215 158
6216 173
6217 238
6218 218
6219 230
6220 220
6221 224
6222 214
6223 222
6224 270
6225 289
6226 356
6227 357
6228 231
6229 281
6230 232
6231 236
6232 379
6233 175
6234 271
6235 273
6236 171
6237 166
6238 161
6239 163
6240 166
6241 165
6242 171
6243 179
6244 277
6245 175
6246 168
6247 179
6248 171
6249 188
6250 170
6251 176
6252 166
6253 171
6254 176
6255 168
6256 173
6257 173
6258 175
6259 274
6260 164
6261 168
6262 167
6263 179
6264 174
6265 169
6266 167
6267 179
6268 171
6269 178
6270 172
6271 259
6272 166
6273 262
6274 163
6275 184
6276 165
6277 175
6278 255
6279 165
6280 169
6281 197
6282 169
6283 208
6284 162
6285 164
6286 166
6287 162
6288 254
6289 167
6290 171
6291 274
6292 182
6293 243
6294 276
6295 166
6296 165
6297 162
6298 193
6299 171
6300 162
6301 173
6302 263
6303 167
6304 229
6305 167
6306 163
6307 162
6308 168
6309 253
6310 176
6311 294
6312 260
6313 254
6314 251
6315 266
6316 242
6317 249
6318 258
6319 264
6320 233
6321 161
6322 248
6323 156
6324 155
6325 275
6326 254
6327 248
6328 246
6329 249
6330 245
6331 241
6332 234
6333 325
6334 244
6335 318
6336 226
6337 239
6338 150
6339 145
6340 238
6341 247
6342 248
6343 250
6344 232
6345 233
6346 299
6347 252
6348 244
6349 244
6350 148
6351 245
6352 257
6353 150
6354 150
6355 242
6356 250
6357 248
6358 353
6359 232
6360 242
6361 227
6362 244
6363 240
6364 151
6365 151
6366 237
6367 240
6368 222
6369 153
6370 149
6371 156
6372 154
6373 163
6374 148
6375 176
6376 162
6377 263
6378 162
6379 150
6380 256
6381 153
6382 158
6383 251
6384 154
6385 250
6386 168
6387 166
6388 164
6389 168
6390 161
6391 156
6392 163
6393 164
6394 158
6395 155
6396 160
6397 162
6398 160
6399 163
6400 158
6401 154
6402 160
6403 155
6404 256
6405 157
6406 255
6407 234
6408 223
6409 226
6410 160
6411 151
6412 141
6413 214
6414 149
6415 224
6416 218
6417 223
6418 235
6419 218
6420 249
6421 201
6422 219
6423 260
6424 216
6425 226
6426 228
6427 223
6428 222
6429 228
6430 304
6431 224
6432 208
6433 222
6434 237
6435 219
6436 223
6437 297
6438 441
6439 222
6440 235
6441 241
6442 232
6443 240
6444 223
6445 234
6446 226
6447 235
6448 223
6449 215
6450 229
6451 219
6452 213
6453 260
6454 177
6455 261
6456 141
6457 154
6458 230
6459 250
6460 214
6461 240
6462 213
6463 261
6464 249
6465 255
6466 252
6467 250
6468 236
6469 245
6470 263
6471 154
6472 239
6473 242
6474 256
6475 248
6476 232
6477 158
6478 156
6479 241
6480 224
6481 242
6482 219
6483 256
6484 147
6485 247
6486 146
6487 218
6488 238
6489 224
6490 228
6491 222
6492 223
6493 214
6494 221
6495 156
6496 233
6497 219
6498 236
6499 223
6500 222
6501 249
6502 214
6503 211
6504 211
6505 214
6506 214
6507 317
6508 221
6509 274
6510 216
6511 270
6512 233
6513 231
6514 145
6515 228
6516 740
6517 220
6518 224
6519 216
6520 230
6521 227
6522 237
6523 167
6524 150
6525 144
6526 234
6527 231
6528 248
6529 249
6530 235
6531 249
6532 239
6533 159
6534 233
6535 377
6536 268
6537 436
6538 244
6539 241
6540 272
6541 269
6542 234
6543 372
6544 242
6545 239
6546 286
6547 166
6548 165
6549 164
6550 280
6551 178
6552 262
6553 263
6554 163
6555 167
6556 163
6557 163
6558 159
6559 159
6560 167
6561 164
6562 157
6563 179
6564 313
6565 180
6566 167
6567 165
6568 160
6569 165
6570 181
6571 166
6572 182
6573 306
6574 162
6575 163
6576 165
6577 167
6578 174
6579 163
6580 203
6581 157
6582 161
6583 159
6584 162
6585 161
6586 159
6587 407
6588 255
6589 160
6590 250
6591 276
6592 158
6593 162
6594 153
6595 266
6596 266
6597 250
6598 186
6599 180
6600 256
6601 250
6602 169
6603 200
6604 260
6605 252
6606 255
6607 256
6608 177
6609 255
6610 158
6611 181
6612 260
6613 258
6614 188
6615 184
6616 260
6617 259
6618 158
6619 164
6620 259
6621 154
6622 175
6623 174
6624 186
6625 247
6626 161
6627 169
6628 238
6629 264
6630 178
6631 244
6632 243
6633 161
6634 236
6635 251
6636 213
6637 271
6638 247
6639 192
6640 274
6641 230
6642 238
6643 175
6644 281
6645 172
6646 418
6647 340
6648 241
6649 174
6650 238
6651 248
6652 252
6653 248
6654 243
6655 243
6656 246
6657 255
6658 248
6659 246
6660 163
6661 261
6662 240
6663 267
6664 255
6665 224
6666 256
6667 244
6668 237
6669 271
6670 243
6671 245
6672 252
6673 254
6674 235
6675 266
6676 237
6677 235
6678 156
6679 244
6680 160
6681 228
6682 229
6683 235
6684 240
6685 190
6686 257
6687 259
6688 253
6689 231
6690 244
6691 181
6692 268
6693 169
6694 161
6695 244
6696 173
6697 172
6698 240
6699 248
6700 232
6701 203
6702 167
6703 183
6704 252
6705 166
6706 169
6707 171
6708 173
6709 186
6710 271
6711 263
6712 279
6713 180
6714 220
6715 275
6716 250
6717 274
6718 182
6719 169
6720 246
6721 174
6722 247
6723 238
6724 274
6725 218
6726 162
6727 253
6728 200
6729 223
6730 334
6731 252
6732 257
6733 253
6734 258
6735 262
6736 247
6737 343
6738 290
6739 255
6740 258
6741 245
6742 262
6743 253
6744 246
6745 237
6746 301
6747 233
6748 281
6749 290
6750 1000
6751 359
6752 243
6753 247
6754 254
6755 239
6756 254
6757 281
6758 255
6759 151
6760 250
6761 240
6762 249
6763 158
6764 240
6765 189
6766 237
6767 260
6768 262
6769 253
6770 254
6771 264
6772 177
6773 210
6774 167
6775 257
6776 160
6777 160
6778 169
6779 168
6780 266
6781 172
6782 170
6783 242
6784 251
6785 157
6786 255
6787 165
6788 157
6789 160
6790 167
6791 180
6792 168
6793 172
6794 284
6795 279
6796 248
6797 156
6798 253
6799 247
6800 248
6801 189
6802 164
6803 182
6804 259
6805 252
6806 259
6807 253
6808 193
6809 155
6810 147
6811 243
6812 155
6813 250
6814 155
6815 156
6816 206
6817 263
6818 241
6819 227
6820 241
6821 291
6822 187
6823 202
6824 177
6825 174
6826 173
6827 157
6828 178
6829 271
6830 158
6831 262
6832 268
6833 279
6834 290
6835 248
6836 163
6837 171
6838 261
6839 161
6840 261
6841 165
6842 267
6843 168
6844 156
6845 165
6846 254
6847 295
6848 356
6849 303
6850 294
6851 307
6852 271
6853 808
6854 947
6855 437
6856 177
6857 162
6858 159
6859 250
6860 242
6861 169
6862 252
6863 262
6864 258
6865 245
6866 171
6867 164
6868 157
6869 241
6870 170
6871 246
6872 243
6873 246
6874 163
6875 237
6876 235
6877 235
6878 241
6879 257
6880 239
6881 240
6882 240
6883 230
6884 236
6885 234
6886 239
6887 235
6888 234
6889 260
6890 247
6891 238
6892 237
6893 232
6894 293
6895 289
6896 221
6897 288
6898 226
6899 216
6900 219
6901 231
6902 217
6903 289
6904 217
6905 217
6906 281
6907 290
6908 361
6909 298
6910 366
6911 218
6912 221
6913 291
6914 309
6915 218
6916 221
6917 345
6918 220
6919 221
6920 219
6921 217
6922 223
6923 221
6924 217
6925 221
6926 217
6927 222
6928 218
6929 226
6930 230
6931 235
6932 145
6933 236
6934 224
6935 300
6936 296
6937 231
6938 225
6939 221
6940 222
6941 224
6942 234
6943 237
6944 292
6945 235
6946 232
6947 145
6948 161
6949 228
6950 216
6951 235
6952 219
6953 385
6954 138
6955 160
6956 363
6957 153
6958 237
6959 147
6960 242
6961 234
6962 162
6963 159
6964 176
6965 233
6966 246
6967 145
6968 148
6969 145
6970 152
6971 169
6972 246
6973 145
6974 158
6975 233
6976 143
6977 271
6978 154
6979 140
6980 150
6981 147
6982 148
6983 156
6984 156
6985 220
6986 150
6987 246
6988 157
6989 160
6990 241
6991 166
6992 223
6993 159
6994 148
6995 236
6996 155
6997 149
6998 158
6999 248
7000 154
7001 226
7002 188
7003 242
7004 245
7005 236
7006 176
7007 245
7008 154
7009 172
7010 163
7011 165
7012 158
7013 244
7014 175
7015 148
7016 150
7017 156
7018 149
7019 147
7020 156
7021 152
7022 241
7023 217
7024 214
7025 234
7026 219
7027 217
7028 152
7029 230
7030 161
7031 225
7032 186
7033 159
7034 149
7035 218
7036 380
7037 216
7038 154
7039 292
7040 272
7041 255
7042 210
7043 271
7044 198
7045 372
7046 325
7047 257
7048 173
7049 159
7050 154
7051 158
7052 229
7053 243
7054 157
7055 238
7056 149
7057 153
7058 160
7059 146
7060 146
7061 160
7062 216
7063 148
7064 239
7065 238
7066 235
7067 242
7068 158
7069 246
7070 183
7071 236
7072 161
7073 246
7074 154
7075 263
7076 248
7077 238
7078 241
7079 182
7080 252
7081 153
7082 242
7083 184
7084 243
7085 253
7086 241
7087 243
7088 237
7089 238
7090 242
7091 242
7092 236
7093 231
7094 242
7095 233
7096 230
7097 234
7098 250
7099 245
7100 237
7101 264
7102 236
7103 242
7104 238
7105 226
7106 346
7107 232
7108 231
7109 227
7110 232
7111 230
7112 226
7113 228
7114 223
7115 229
7116 262
7117 230
7118 232
7119 240
7120 229
7121 226
7122 225
7123 224
7124 229
7125 226
7126 231
7127 222
7128 235
7129 236
7130 226
7131 230
7132 228
7133 230
7134 238
7135 233
7136 235
7137 224
7138 222
7139 236
7140 229
7141 232
7142 234
7143 223
7144 157
7145 246
7146 142
7147 152
7148 144
7149 232
7150 143
7151 149
7152 240
7153 235
7154 238
7155 156
7156 247
7157 168
7158 157
7159 168
7160 222
7161 157
7162 161
7163 227
7164 152
7165 148
7166 153
7167 142
7168 153
7169 159
7170 142
7171 266
7172 146
7173 240
7174 233
7175 155
7176 238
7177 502
7178 227
7179 203
7180 271
7181 201
7182 765
7183 157
7184 175
7185 161
7186 246
7187 160
7188 156
7189 233
7190 165
7191 249
7192 172
7193 254
7194 246
7195 172
7196 162
7197 166
7198 162
7199 238
7200 170
7201 161
7202 157
7203 251
7204 166
7205 165
7206 164
7207 165
7208 164
7209 235
7210 164
7211 185
7212 157
7213 174
7214 157
7215 263
7216 179
7217 274
7218 261
7219 179
7220 162
7221 183
7222 166
7223 161
7224 161
7225 163
7226 166
7227 164
7228 250
7229 159
7230 182
7231 156
7232 252
7233 250
7234 248
7235 234
7236 234
7237 226
7238 185
7239 222
7240 236
7241 334
7242 298
7243 227
7244 225
7245 233
7246 237
7247 248
7248 263
7249 264
7250 254
7251 240
7252 270
7253 229
7254 393
7255 306
7256 260
7257 218
7258 266
7259 324
7260 239
7261 151
7262 160
7263 156
7264 240
7265 236
7266 156
7267 243
7268 241
7269 256
7270 152
7271 232
7272 244
7273 153
7274 258
7275 246
7276 233
7277 177
7278 163
7279 160
7280 164
7281 161
7282 169
7283 167
7284 184
7285 182
7286 154
7287 160
7288 169
7289 258
7290 189
7291 155
7292 176
7293 253
7294 161
7295 154
7296 177
7297 173
7298 255
7299 254
7300 152
7301 192
7302 155
7303 157
7304 155
7305 154
7306 176
7307 208
7308 155
7309 284
7310 236
7311 242
7312 369
7313 247
7314 235
7315 358
7316 248
7317 263
7318 243
7319 292
7320 237
7321 379
7322 239
7323 159
7324 237
7325 243
7326 257
7327 238
7328 240
7329 223
7330 336
7331 239
7332 236
7333 238
7334 228
7335 248
7336 235
7337 238
7338 158
7339 158
7340 211
7341 159
7342 147
7343 151
7344 247
7345 153
7346 169
7347 240
7348 150
7349 172
7350 171
7351 229
7352 253
7353 232
7354 257
7355 238
7356 233
7357 241
7358 155
7359 160
7360 148
7361 144
7362 157
7363 225
7364 240
7365 143
7366 154
7367 147
7368 144
7369 151
7370 145
7371 150
7372 171
7373 142
7374 140
7375 143
7376 144
7377 141
7378 149
7379 142
7380 153
7381 166
7382 148
7383 146
7384 161
7385 148
7386 147
7387 153
7388 169
7389 151
7390 228
7391 151
7392 165
7393 248
7394 243
7395 271
7396 228
7397 237
7398 234
7399 228
7400 226
7401 247
7402 237
7403 243
7404 238
7405 237
7406 236
7407 239
7408 449
7409 234
7410 237
7411 434
7412 235
7413 236
7414 241
7415 227
7416 231
7417 233
7418 540
7419 635
7420 415
7421 513
7422 239
7423 436
7424 545
7425 154
7426 227
7427 229
7428 230
7429 341
7430 230
7431 243
7432 236
7433 232
7434 144
7435 169
7436 228
7437 145
7438 237
7439 241
7440 239
7441 158
7442 235
7443 142
7444 232
7445 241
7446 147
7447 244
7448 241
7449 329
7450 230
7451 164
7452 252
7453 422
7454 230
7455 278
7456 228
7457 232
7458 241
7459 158
7460 200
7461 258
7462 356
7463 251
7464 262
7465 454
7466 230
7467 240
7468 329
7469 236
7470 336
7471 306
7472 338
7473 218
7474 141
7475 222
7476 696
7477 307
7478 249
7479 679
7480 595
7481 237
7482 274
7483 361
7484 239
7485 328
7486 414
7487 673
7488 338
7489 334
7490 1000
7491 306
7492 1000
7493 308
7494 1000
7495 722
7496 574
7497 314
7498 247
7499 821
7500 943
7501 610
7502 1000
7503 245
7504 684
7505 529
7506 1000
7507 611
7508 230
7509 477
7510 755
7511 845
7512 567
7513 220
7514 420
7515 924
7516 638
7517 301
7518 1000
7519 327
7520 315
7521 1000
7522 626
7523 1000
7524 1000
7525 1000
7526 380
7527 238
7528 419
7529 226
7530 231
7531 231
7532 467
7533 239
7534 240
7535 363
7536 156
7537 332
7538 297
7539 225
7540 150
7541 413
7542 235
7543 256
7544 319
7545 233
7546 346
7547 233
7548 333
7549 355
7550 330
7551 329
7552 251
7553 189
7554 281
7555 219
7556 154
7557 359
7558 350
7559 144
7560 151
7561 166
7562 154
7563 253
7564 180
7565 147
7566 288
7567 240
7568 165
7569 330
7570 240
7571 157
7572 333
7573 233
7574 328
7575 228
7576 238
7577 446
7578 242
7579 317
7580 240
7581 216
7582 225
7583 227
7584 228
7585 240
7586 232
7587 233
7588 299
7589 213
7590 314
7591 366
7592 154
7593 146
7594 228
7595 224
7596 224
7597 224
7598 147
7599 244
7600 225
7601 225
7602 235
7603 226
7604 459
7605 136
7606 238
7607 140
7608 249
7609 241
7610 242
7611 227
7612 230
7613 232
7614 249
7615 239
7616 228
7617 244
7618 175
7619 164
7620 156
7621 142
7622 152
7623 268
7624 150
7625 143
7626 155
7627 139
7628 144
7629 144
7630 158
7631 142
7632 222
7633 146
7634 171
7635 146
7636 153
7637 143
7638 147
7639 151
7640 141
7641 160
7642 146
7643 150
7644 148
7645 134
7646 138
7647 136
7648 137
7649 135
7650 137
7651 134
7652 136
7653 133
7654 139
7655 136
7656 138
7657 132
7658 344
7659 194
7660 388
7661 139
7662 141
7663 232
7664 256
7665 242
7666 141
7667 146
7668 232
7669 145
7670 143
7671 142
7672 138
7673 142
7674 134
7675 140
7676 153
7677 149
7678 151
7679 142
7680 137
7681 143
7682 143
7683 230
7684 139
7685 143
7686 265
7687 148
7688 138
7689 148
7690 256
7691 147
7692 140
7693 140
7694 144
7695 147
7696 160
7697 226
7698 149
7699 149
7700 225
7701 182
7702 144
7703 158
7704 237
7705 223
7706 221
7707 241
7708 301
7709 163
7710 138
7711 151
7712 200
7713 137
7714 135
7715 137
7716 135
7717 160
7718 138
7719 148
7720 139
7721 143
7722 137
7723 137
7724 136
7725 138
7726 141
7727 141
7728 131
7729 134
7730 135
7731 140
7732 134
7733 134
7734 144
7735 140
7736 133
7737 200
7738 136
7739 147
7740 136
7741 140
7742 145
7743 161
7744 450
7745 212
7746 193
7747 187
7748 227
7749 326
7750 195
7751 355
7752 231
7753 159
7754 147
7755 151
7756 256
7757 195
7758 254
7759 142
7760 256
7761 243
7762 234
7763 225
7764 238
7765 242
7766 240
7767 237
7768 155
7769 138
7770 138
7771 136
7772 140
7773 136
7774 133
7775 137
7776 141
7777 135
7778 135
7779 144
7780 142
7781 135
7782 141
7783 138
7784 145
7785 148
7786 130
7787 134
7788 140
7789 140
7790 139
7791 136
7792 137
7793 139
7794 133
7795 134
7796 132
7797 139
7798 134
7799 142
7800 141
7801 135
7802 140
7803 137
7804 145
7805 143
7806 142
7807 134
7808 143
7809 136
7810 145
7811 158
7812 149
7813 146
7814 291
7815 178
7816 216
7817 159
7818 138
7819 290
7820 178
7821 158
7822 147
7823 146
7824 147
7825 144
7826 145
7827 144
7828 153
7829 137
7830 142
7831 142
7832 153
7833 140
7834 143
7835 139
7836 141
7837 142
7838 134
7839 133
7840 140
7841 142
7842 142
7843 143
7844 161
7845 149
7846 144
7847 143
7848 146
7849 148
7850 154
7851 143
7852 140
7853 141
7854 140
7855 144
7856 138
7857 140
7858 137
7859 138
7860 138
7861 141
7862 138
7863 141
7864 140
7865 140
7866 140
7867 137
7868 136
7869 136
7870 140
7871 136
7872 133
7873 138
7874 136
7875 137
7876 135
7877 137
7878 131
7879 137
7880 131
7881 136
7882 131
7883 133
7884 131
7885 133
7886 136
7887 131
7888 131
7889 132
7890 131
7891 132
7892 133
7893 133
7894 132
7895 136
7896 131
7897 132
7898 131
7899 131
7900 133
7901 134
7902 135
7903 134
7904 136
7905 131
7906 136
7907 134
7908 133
7909 133
7910 134
7911 137
7912 133
7913 134
7914 133
7915 133
7916 132
7917 132
7918 133
7919 136
7920 133
7921 135
7922 131
7923 136
7924 134
7925 133
7926 134
7927 137
7928 133
7929 143
7930 157
7931 166
7932 168
7933 163
7934 167
7935 163
7936 165
7937 169
7938 167
7939 154
7940 157
7941 153
7942 153
7943 151
7944 153
7945 155
7946 154
7947 155
7948 153
7949 154
7950 153
7951 148
7952 151
7953 151
7954 152
7955 150
7956 148
7957 157
7958 158
7959 156
7960 155
7961 156
7962 159
7963 155
7964 157
7965 158
7966 157
7967 156
7968 151
7969 152
7970 157
7971 150
7972 147
7973 150
7974 155
7975 149
7976 148
7977 150
7978 151
7979 152
7980 151
7981 152
7982 151
7983 152
7984 143
7985 142
7986 150
7987 144
7988 145
7989 139
7990 144
7991 144
7992 142
7993 141
7994 142
7995 140
7996 140
7997 141
7998 141
7999 144
8000 142
8001 144
8002 144
8003 144
8004 141
8005 142
8006 140
8007 141
8008 142
8009 143
8010 141
8011 142
8012 148
8013 143
8014 144
8015 144
8016 146
8017 146
8018 147
8019 148
8020 148
8021 146
8022 146
8023 141
8024 141
8025 140
8026 146
8027 143
8028 149
8029 144
8030 142
8031 144
8032 145
8033 144
8034 142
8035 143
8036 145
8037 148
8038 142
8039 132
8040 132
8041 133
8042 137
8043 137
8044 137
8045 134
8046 132
8047 138
8048 135
8049 133
8050 138
8051 136
8052 135
8053 134
8054 134
8055 137
8056 140
8057 140
8058 139
8059 136
8060 132
8061 136
8062 136
8063 132
8064 135
8065 137
8066 139
8067 376
8068 133
8069 132
8070 131
8071 225
8072 134
8073 138
8074 137
8075 141
8076 145
8077 144
8078 146
8079 143
8080 143
8081 145
8082 142
8083 145
8084 151
8085 148
8086 147
8087 143
8088 144
8089 141
8090 143
8091 144
8092 141
8093 142
8094 142
8095 142
8096 132
8097 132
8098 133
8099 132
8100 132
8101 131
8102 132
8103 131
8104 131
8105 131
8106 132
8107 133
8108 131
8109 132
8110 131
8111 128
8112 143
8113 139
8114 1000
8115 1000
8116 424
8117 205
8118 222
8119 184
8120 182
8121 144
8122 195
8123 180
8124 135
8125 452
8126 952
8127 151
8128 146
8129 140
8130 136
8131 141
8132 132
8133 137
8134 133
8135 133
8136 132
8137 131
8138 131
8139 130
8140 132
8141 132
8142 133
8143 133
8144 132
8145 132
8146 132
8147 132
8148 133
8149 132
8150 132
8151 132
8152 132
8153 133
8154 132
8155 129
8156 133
8157 132
8158 133
8159 132
8160 131
8161 132
8162 132
8163 132
8164 132
8165 131
8166 133
8167 132
8168 132
8169 132
8170 131
8171 133
8172 132
8173 132
8174 132
8175 130
8176 132
8177 132
8178 132
8179 133
8180 132
8181 132
8182 132
8183 133
8184 132
8185 133
8186 132
8187 131
8188 132
8189 133
8190 132
8191 132
8192 132
8193 131
8194 132
8195 132
8196 132
8197 132
8198 131
8199 132
8200 131
8201 132
8202 132
8203 132
8204 133
8205 131
8206 132
8207 132
8208 133
8209 132
8210 132
8211 132
8212 132
8213 133
8214 133
8215 132
8216 132
8217 131
8218 132
8219 131
8220 132
8221 131
8222 132
8223 132
8224 134
8225 135
8226 133
8227 132
8228 132
8229 132
8230 132
8231 131
8232 131
8233 132
8234 131
8235 131
8236 132
8237 132
8238 132
8239 131
8240 132
8241 132
8242 131
8243 132
8244 132
8245 132
8246 133
8247 132
8248 132
8249 132
8250 132
8251 132
8252 132
8253 132
8254 132
8255 132
8256 132
8257 132
8258 132
8259 132
8260 132
8261 131
8262 131
8263 132
8264 132
8265 132
8266 132
8267 131
8268 132
8269 132
8270 133
8271 132
8272 132
8273 130
8274 131
8275 133
8276 133
8277 132
8278 132
8279 132
8280 131
8281 132
8282 133
8283 131
8284 132
8285 132
8286 131
8287 132
8288 132
8289 133
8290 132
8291 132
8292 131
8293 133
8294 134
8295 132
8296 132
8297 132
8298 132
8299 132
8300 132
8301 131
8302 130
8303 132
8304 132
8305 132
8306 132
8307 132
8308 129
8309 132
8310 132
8311 132
8312 132
8313 132
8314 132
8315 132
8316 132
8317 132
8318 132
8319 132
8320 132
8321 132
8322 132
8323 133
8324 132
8325 132
8326 133
8327 132
8328 133
8329 132
8330 132
8331 131
8332 133
8333 132
8334 131
8335 132
8336 132
8337 132
8338 132
8339 133
8340 131
8341 131
8342 132
8343 132
8344 132
8345 132
8346 132
8347 131
8348 132
8349 132
8350 132
8351 132
8352 133
8353 132
8354 131
8355 132
8356 132
8357 131
8358 129
8359 131
8360 131
8361 132
8362 132
8363 131
8364 133
8365 133
8366 132
8367 132
8368 132
8369 132
8370 132
8371 132
8372 132
8373 132
8374 132
8375 133
8376 132
8377 131
8378 132
8379 132
8380 132
8381 132
8382 132
8383 132
8384 132
8385 133
8386 132
8387 132
8388 132
8389 132
8390 132
8391 132
8392 132
8393 132
8394 132
8395 136
8396 132
8397 132
8398 132
8399 132
8400 131
8401 132
8402 134
8403 132
8404 132
8405 132
8406 132
8407 132
8408 132
8409 134
8410 131
8411 132
8412 131
8413 131
8414 132
8415 130
8416 132
8417 132
8418 131
8419 133
8420 131
8421 131
8422 131
8423 132
8424 131
8425 131
8426 132
8427 132
8428 133
8429 132
8430 130
8431 131
8432 132
8433 132
8434 132
8435 132
8436 133
8437 132
8438 133
8439 131
8440 132
8441 132
8442 132
8443 132
8444 132
8445 131
8446 132
8447 132
8448 132
8449 132
8450 132
8451 132
8452 132
8453 132
8454 133
8455 132
8456 132
8457 131
8458 132
8459 132
8460 132
8461 132
8462 131
8463 132
8464 131
8465 132
8466 132
8467 132
8468 132
8469 132
8470 132
8471 132
8472 132
8473 132
8474 132
8475 132
8476 132
8477 131
8478 132
8479 133
8480 133
8481 132
8482 132
8483 131
8484 132
8485 132
8486 132
8487 132
8488 132
8489 132
8490 132
8491 133
8492 132
8493 131
8494 131
8495 132
8496 132
8497 132
8498 129
8499 132
8500 133
8501 133
8502 132
8503 132
8504 132
8505 133
8506 133
8507 131
8508 132
8509 132
8510 132
8511 132
8512 132
8513 133
8514 131
8515 132
8516 134
8517 131
8518 132
8519 132
8520 133
8521 132
8522 132
8523 132
8524 133
8525 131
8526 132
8527 132
8528 132
8529 132
8530 132
8531 133
8532 133
8533 132
8534 133
8535 132
8536 132
8537 132
8538 132
8539 132
8540 132
8541 133
8542 131
8543 132
8544 132
8545 133
8546 133
8547 132
8548 133
8549 132
8550 131
8551 132
8552 132
8553 132
8554 132
8555 132
8556 132
8557 132
8558 132
8559 132
8560 131
8561 132
8562 132
8563 135
8564 134
8565 134
8566 132
8567 132
8568 132
8569 132
8570 135
8571 134
8572 134
8573 133
8574 133
8575 133
8576 133
8577 133
8578 133
8579 134
8580 133
8581 133
8582 134
8583 132
8584 133
8585 134
8586 133
8587 131
8588 132
8589 133
8590 133
8591 132
8592 135
8593 134
8594 132
8595 132
8596 131
8597 132
8598 133
8599 133
8600 132
8601 132
8602 132
8603 132
8604 132
8605 133
8606 132
8607 133
8608 132
8609 132
8610 132
8611 132
8612 133
8613 132
8614 132
8615 132
8616 132
8617 132
8618 132
8619 132
8620 133
8621 132
8622 132
8623 132
8624 132
8625 132
8626 132
8627 132
8628 132
8629 133
8630 132
8631 133
8632 133
8633 133
8634 132
8635 132
8636 132
8637 132
8638 132
8639 132
8640 132
8641 132
8642 132
8643 132
8644 132
8645 131
8646 133
8647 132
8648 132
8649 132
8650 132
8651 132
8652 132
8653 132
8654 132
8655 133
8656 132
8657 134
8658 132
8659 132
8660 132
8661 131
8662 132
8663 132
8664 132
8665 132
8666 133
8667 132
8668 132
8669 132
8670 133
8671 132
8672 131
8673 131
8674 132
8675 132
8676 132
8677 132
8678 132
8679 132
8680 131
8681 131
8682 132
8683 131
8684 132
8685 132
8686 132
8687 132
8688 132
8689 132
8690 132
8691 132
8692 132
8693 132
8694 135
8695 133
8696 132
8697 132
8698 132
8699 132
8700 132
8701 132
8702 132
8703 132
8704 132
8705 132
8706 132
8707 133
8708 132
8709 132
8710 132
8711 132
8712 132
8713 132
8714 132
8715 132
8716 132
8717 132
8718 132
8719 132
8720 132
8721 132
8722 132
8723 132
8724 132
8725 132
8726 132
8727 132
8728 132
8729 132
8730 132
8731 132
8732 132
8733 132
8734 132
8735 131
8736 132
8737 132
8738 132
8739 131
8740 132
8741 131
8742 132
8743 132
8744 132
8745 132
8746 132
8747 132
8748 132
8749 132
8750 132
8751 133
8752 132
8753 132
8754 132
8755 132
8756 132
8757 133
8758 132
8759 132
8760 132
8761 132
8762 132
8763 129
8764 132
8765 132
8766 132
8767 131
8768 132
8769 132
8770 132
8771 132
8772 133
8773 132
8774 132
8775 132
8776 134
8777 132
8778 132
8779 131
8780 132
8781 132
8782 132
8783 132
8784 131
8785 132
8786 132
8787 132
8788 132
8789 132
8790 132
8791 132
8792 132
8793 131
8794 132
8795 132
8796 132
8797 132
8798 133
8799 132
8800 131
8801 132
8802 132
8803 131
8804 133
8805 132
8806 133
8807 132
8808 132
8809 131
8810 132
8811 132
8812 132
8813 132
8814 132
8815 132
8816 132
8817 132
8818 132
8819 132
8820 131
8821 132
8822 133
8823 132
8824 132
8825 131
8826 132
8827 132
8828 132
8829 132
8830 131
8831 133
8832 132
8833 132
8834 131
8835 132
8836 132
8837 132
8838 132
8839 131
8840 132
8841 132
8842 132
8843 132
8844 132
8845 132
8846 132
8847 132
8848 131
8849 132
8850 132
8851 132
8852 132
8853 130
8854 132
8855 132
8856 132
8857 132
8858 132
8859 132
8860 131
8861 132
8862 132
8863 133
8864 132
8865 133
8866 133
8867 132
8868 132
8869 133
8870 132
8871 132
8872 132
8873 132
8874 132
8875 132
8876 132
8877 132
8878 132
8879 131
8880 131
8881 132
8882 132
8883 132
8884 132
8885 132
8886 131
8887 132
8888 133
8889 132
8890 132
8891 131
8892 132
8893 132
8894 133
8895 132
8896 132
8897 132
8898 131
8899 132
8900 132
8901 132
8902 132
8903 132
8904 132
8905 132
8906 132
8907 132
8908 133
8909 131
8910 132
8911 132
8912 132
8913 132
8914 132
8915 132
8916 132
8917 132
8918 132
8919 132
8920 132
8921 132
8922 131
8923 132
8924 131
8925 132
8926 132
8927 132
8928 132
8929 132
8930 132
8931 132
8932 132
8933 132
8934 132
8935 132
8936 132
8937 132
8938 132
8939 132
8940 133
8941 132
8942 133
8943 132
8944 132
8945 131
8946 132
8947 132
8948 132
8949 132
8950 132
8951 132
8952 132
8953 132
8954 132
8955 132
8956 132
8957 132
8958 133
8959 132
8960 133
8961 132
8962 132
8963 132
8964 133
8965 131
8966 132
8967 132
8968 132
8969 131
8970 132
8971 132
8972 130
8973 132
8974 133
8975 132
8976 134
8977 132
8978 132
8979 131
8980 132
8981 132
8982 132
8983 132
8984 132
8985 132
8986 132
8987 132
8988 133
8989 132
8990 132
8991 132
8992 132
8993 132
8994 132
8995 132
8996 132
8997 132
8998 132
8999 132
9000 133
9001 132
9002 132
9003 132
9004 132
9005 132
9006 133
9007 132
9008 132
9009 132
9010 132
9011 132
9012 132
9013 132
9014 132
9015 132
9016 132
9017 132
9018 132
9019 132
9020 131
9021 132
9022 132
9023 132
9024 133
9025 132
9026 132
9027 132
9028 132
9029 132
9030 132
9031 132
9032 132
9033 132
9034 132
9035 132
9036 132
9037 132
9038 131
9039 132
9040 133
9041 132
9042 131
9043 132
9044 132
9045 132
9046 130
9047 132
9048 132
9049 132
9050 132
9051 132
9052 132
9053 132
9054 132
9055 132
9056 132
9057 132
9058 133
9059 132
9060 132
9061 132
9062 132
9063 132
9064 132
9065 132
9066 131
9067 132
9068 132
9069 132
9070 132
9071 132
9072 133
9073 132
9074 132
9075 132
9076 132
9077 132
9078 132
9079 132
9080 132
9081 132
9082 132
9083 131
9084 132
9085 132
9086 132
9087 132
9088 132
9089 132
9090 132
9091 132
9092 132
9093 132
9094 132
9095 132
9096 132
9097 132
9098 132
9099 132
9100 132
9101 132
9102 132
9103 132
9104 132
9105 132
9106 132
9107 132
9108 132
9109 132
9110 132
9111 132
9112 132
9113 132
9114 132
9115 132
9116 132
9117 132
9118 132
9119 132
9120 132
9121 132
9122 132
9123 132
9124 132
9125 132
9126 132
9127 132
9128 132
9129 132
9130 132
9131 132
9132 132
9133 132
9134 132
9135 132
9136 132
9137 132
9138 132
9139 132
9140 132
9141 132
9142 132
9143 132
9144 132
9145 132
9146 132
9147 132
9148 132
9149 131
9150 132
9151 132
9152 132
9153 132
9154 132
9155 132
9156 132
9157 132
9158 132
9159 132
9160 132
9161 132
9162 132
9163 132
9164 132
9165 132
9166 133
9167 132
9168 132
9169 132
9170 132
9171 132
9172 132
9173 132
9174 132
9175 132
9176 132
9177 132
9178 132
9179 131
9180 133
9181 132
9182 132
9183 132
9184 130
9185 132
9186 132
9187 131
9188 132
9189 132
9190 132
9191 132
9192 132
9193 132
9194 132
9195 132
9196 132
9197 132
9198 132
9199 131
9200 132
9201 132
9202 132
9203 132
9204 132
9205 132
9206 132
9207 132
9208 132
9209 132
9210 132
9211 132
9212 131
9213 133
9214 132
9215 132
9216 132
9217 132
9218 132
9219 132
9220 132
9221 132
9222 132
9223 132
9224 132
9225 132
9226 132
9227 132
9228 132
9229 133
9230 131
9231 132
9232 132
9233 132
9234 133
9235 132
9236 132
9237 132
9238 132
9239 132
9240 132
9241 131
9242 131
9243 132
9244 132
9245 132
9246 132
9247 132
9248 132
9249 132
9250 132
9251 132
9252 132
9253 132
9254 132
9255 132
9256 132
9257 132
9258 132
9259 132
9260 133
9261 132
9262 132
9263 132
9264 132
9265 132
9266 132
9267 132
9268 132
9269 132
9270 132
9271 131
9272 132
9273 132
9274 132
9275 132
9276 132
9277 132
9278 132
9279 131
9280 132
9281 132
9282 133
9283 134
9284 132
9285 132
9286 132
9287 132
9288 132
9289 132
9290 132
9291 132
9292 132
9293 132
9294 132
9295 132
9296 132
9297 132
9298 132
9299 132
9300 132
9301 132
9302 132
9303 132
9304 132
9305 132
9306 132
9307 132
9308 132
9309 132
9310 132
9311 132
9312 132
9313 132
9314 132
9315 132
9316 132
9317 132
9318 132
9319 132
9320 132
9321 132
9322 132
9323 132
9324 132
9325 132
9326 132
9327 132
9328 132
9329 132
9330 132
9331 132
9332 132
9333 132
9334 132
9335 132
9336 132
9337 132
9338 132
9339 131
9340 132
9341 132
9342 132
9343 132
9344 132
9345 132
9346 132
9347 132
9348 132
9349 132
9350 132
9351 132
9352 132
9353 132
9354 132
9355 133
9356 132
9357 132
9358 132
9359 132
9360 132
9361 132
9362 132
9363 132
9364 132
9365 132
9366 132
9367 132
9368 132
9369 132
9370 132
9371 131
9372 132
9373 132
9374 132
9375 132
9376 132
9377 132
9378 132
9379 131
9380 132
9381 132
9382 132
9383 132
9384 132
9385 131
9386 132
9387 132
9388 132
9389 132
9390 132
9391 132
9392 132
9393 133
9394 132
9395 132
9396 132
9397 132
9398 132
9399 132
9400 132
9401 132
9402 132
9403 132
9404 132
9405 132
9406 132
9407 132
9408 132
9409 131
9410 132
9411 132
9412 132
9413 132
9414 132
9415 132
9416 132
9417 132
9418 132
9419 132
9420 132
9421 132
9422 132
9423 132
9424 132
9425 132
9426 132
9427 132
9428 132
9429 132
9430 132
9431 132
9432 132
9433 132
9434 132
9435 132
9436 132
9437 132
9438 132
9439 132
9440 132
9441 132
9442 132
9443 133
9444 132
9445 132
9446 132
9447 132
9448 132
9449 132
9450 132
9451 132
9452 132
9453 132
9454 132
9455 132
9456 132
9457 132
9458 132
9459 132
9460 132
9461 132
9462 132
9463 132
9464 132
9465 132
9466 132
9467 132
9468 132
9469 132
9470 132
9471 132
9472 132
9473 132
9474 132
9475 132
9476 132
9477 132
9478 132
9479 132
9480 132
9481 132
9482 132
9483 132
9484 132
9485 132
9486 132
9487 132
9488 132
9489 132
9490 132
9491 133
9492 132
9493 132
9494 132
9495 132
9496 132
9497 132
9498 132
9499 132
9500 132
9501 132
9502 132
9503 132
9504 132
9505 132
9506 132
9507 132
9508 132
9509 133
9510 132
9511 132
9512 132
9513 132
9514 133
9515 132
9516 132
9517 132
9518 132
9519 132
9520 132
9521 132
9522 132
9523 132
9524 132
9525 132
9526 132
9527 132
9528 132
9529 132
9530 132
9531 132
9532 132
9533 132
9534 132
9535 132
9536 132
9537 132
9538 132
9539 132
9540 132
9541 132
9542 132
9543 132
9544 132
9545 132
9546 132
9547 132
9548 132
9549 132
9550 132
9551 132
9552 132
9553 132
9554 133
9555 132
9556 132
9557 132
9558 132
9559 132
9560 132
9561 132
9562 132
9563 132
9564 132
9565 132
9566 132
9567 132
9568 132
9569 132
9570 132
9571 132
9572 132
9573 132
9574 132
9575 132
9576 132
9577 133
9578 132
9579 132
9580 132
9581 132
9582 132
9583 132
9584 132
9585 131
9586 132
9587 132
9588 132
9589 132
9590 132
9591 132
9592 132
9593 132
9594 132
9595 132
9596 133
9597 134
9598 134
9599 132
9600 132
9601 132
9602 132
9603 134
9604 134
9605 134
9606 132
9607 131
9608 132
9609 132
9610 132
9611 132
9612 134
9613 134
9614 134
9615 133
9616 133
9617 133
9618 133
9619 133
9620 133
9621 133
9622 133
9623 133
9624 133
9625 133
9626 131
9627 133
9628 133
9629 133
9630 133
9631 133
9632 133
9633 132
9634 133
9635 133
9636 133
9637 133
9638 133
9639 133
9640 133
9641 133
9642 132
9643 133
9644 133
9645 133
9646 133
9647 133
9648 133
9649 133
9650 133
9651 133
9652 133
9653 133
9654 133
9655 133
9656 133
9657 133
9658 132
9659 135
9660 135
9661 132
9662 132
9663 132
9664 132
9665 132
9666 132
9667 132
9668 132
9669 132
9670 132
9671 132
9672 132
9673 132
9674 132
9675 132
9676 132
9677 132
9678 132
9679 132
9680 132
9681 132
9682 132
9683 132
9684 132
9685 132
9686 132
9687 132
9688 132
9689 132
9690 132
9691 132
9692 132
9693 132
9694 132
9695 132
9696 132
9697 132
9698 132
9699 132
9700 132
9701 132
9702 132
9703 132
9704 132
9705 132
9706 132
9707 132
9708 132
9709 132
9710 132
9711 132
9712 132
9713 132
9714 132
9715 132
9716 132
9717 132
9718 132
9719 132
9720 132
9721 132
9722 132
9723 132
9724 132
9725 132
9726 132
9727 132
9728 132
9729 132
9730 132
9731 132
9732 132
9733 132
9734 132
9735 132
9736 132
9737 132
9738 132
9739 132
9740 132
9741 132
9742 132
9743 132
9744 132
9745 132
9746 132
9747 132
9748 132
9749 132
9750 132
9751 132
9752 132
9753 132
9754 132
9755 132
9756 132
9757 132
9758 132
9759 132
9760 132
9761 132
9762 132
9763 132
9764 132
9765 132
9766 132
9767 132
9768 132
9769 132
9770 132
9771 132
9772 132
9773 132
9774 132
9775 132
9776 132
9777 132
9778 132
9779 132
9780 132
9781 132
9782 132
9783 132
9784 132
9785 132
9786 132
9787 132
9788 132
9789 132
9790 132
9791 132
9792 132
9793 132
9794 132
9795 132
9796 132
9797 132
9798 132
9799 132
9800 132
9801 132
9802 132
9803 132
9804 132
9805 132
9806 132
9807 132
9808 132
9809 132
9810 132
9811 132
9812 132
9813 132
9814 132
9815 132
9816 132
9817 132
9818 132
9819 132
9820 132
9821 132
9822 132
9823 132
9824 132
9825 132
9826 132
9827 132
9828 132
9829 132
9830 132
9831 132
9832 132
9833 132
9834 132
9835 132
9836 132
9837 132
9838 132
9839 132
9840 132
9841 132
9842 132
9843 132
9844 132
9845 132
9846 132
9847 132
9848 132
9849 132
9850 132
9851 132
9852 132
9853 132
9854 132
9855 132
9856 132
9857 132
9858 132
9859 132
9860 132
9861 132
9862 132
9863 132
9864 132
9865 132
9866 132
9867 132
9868 132
9869 132
9870 132
9871 132
9872 132
9873 132
9874 132
9875 132
9876 132
9877 132
9878 132
9879 132
9880 132
9881 132
9882 132
9883 132
9884 132
9885 132
9886 132
9887 132
9888 132
9889 132
9890 132
9891 132
9892 132
9893 132
9894 132
9895 132
9896 132
9897 132
9898 132
9899 132
9900 132
9901 132
9902 132
9903 132
9904 132
9905 132
9906 132
9907 132
9908 132
9909 132
9910 132
9911 132
9912 132
9913 132
9914 132
9915 132
9916 132
9917 132
9918 132
9919 132
9920 132
9921 132
9922 132
9923 132
9924 132
9925 132
9926 132
9927 132
9928 132
9929 132
9930 132
9931 132
9932 132
9933 132
9934 132
9935 132
9936 132
9937 132
9938 132
9939 132
9940 132
9941 132
9942 132
9943 132
9944 132
9945 132
9946 132
9947 132
9948 132
9949 132
9950 132
9951 132
9952 132
9953 132
9954 132
9955 132
9956 132
9957 132
9958 132
9959 132
9960 132
9961 132
9962 132
9963 132
9964 132
9965 132
9966 132
9967 132
9968 132
9969 132
9970 132
9971 132
9972 132
9973 132
9974 132
9975 132
9976 132
9977 132
9978 132
9979 132
9980 132
9981 132
9982 132
9983 132
9984 132
9985 132
9986 132
9987 132
9988 132
9989 132
9990 132
9991 132
9992 132
9993 132
9994 132
9995 132
9996 132
9997 132
9998 132
9999 132
