0 -0.501177 -0.00117684 0
1 -0.503522 -0.00234488 0
2 -0.507017 -0.00349537 0
3 -0.511637 -0.00461968 0
4 -0.517346 -0.00570937 0
5 -0.524102 -0.00675627 0
6 -0.531855 -0.00775249 0
7 -0.540545 -0.00869057 0
8 -0.550109 -0.00956353 0
9 -0.560474 -0.0103649 0
10 -0.571563 -0.0110889 0
11 -0.583293 -0.0117304 0
12 -0.595578 -0.0122851 0
13 -0.608328 -0.0127494 2
14 -0.619449 -0.0111208 2
15 -0.62886 -0.00941179 2
16 -0.636496 -0.00763538 2
17 -0.642301 -0.00580475 2
18 -0.646234 -0.00393318 2
19 -0.648268 -0.00203403 2
20 -0.648388 -0.000120659 2
21 -0.646595 0.00179355 2
22 -0.6429 0.00369523 2
23 -0.637329 0.00557101 2
24 -0.629921 0.00740753 2
25 -0.62073 0.00919149 2
26 -0.60982 0.0109097 1
27 -0.598271 0.0115492 2
28 -0.585166 0.0131045 2
29 -0.570602 0.0145637 2
30 -0.554687 0.015915 2
31 -0.53754 0.0171479 2
32 -0.519287 0.0182524 2
33 -0.500067 0.0192201 2
34 -0.480023 0.0200437 0
35 -0.461306 0.0187178 2
36 -0.442052 0.0192533 2
37 -0.422404 0.0196478 2
38 -0.402504 0.0199005 2
39 -0.382492 0.0200121 0
40 -0.364507 0.0179851 0
41 -0.34867 0.0158367 0
42 -0.335086 0.0135842 0
43 -0.323841 0.0112445 0
44 -0.315007 0.00883438 0
45 -0.308637 0.00637006 0
46 -0.30477 0.00386729 0
47 -0.303428 0.00134145 0
48 -0.30462 -0.00119236 0
49 -0.30834 -0.00371909 0
50 -0.314563 -0.00622364 0
51 -0.323254 -0.00869065 0
52 -0.334358 -0.0111044 0
53 -0.347807 -0.0134487 0
54 -0.363514 -0.0157068 0
55 -0.381376 -0.0178619 0
56 -0.401272 -0.0198965 0
57 -0.423065 -0.0217935 0
58 -0.446602 -0.0235361 0
59 -0.47171 -0.0251084 0
60 -0.498206 -0.026496 0
61 -0.525892 -0.0276863 0
62 -0.554561 -0.0286691 0
63 -0.583999 -0.0294372 0
64 -0.613985 -0.0299867 0
65 -0.644302 -0.0303171 0
66 -0.674734 -0.0304314 0
67 -0.70507 -0.0303364 0
68 -0.735112 -0.0300416 0
69 -0.764671 -0.0295596 0
70 -0.793576 -0.0289051 0
71 -0.821671 -0.0280945 0
72 -0.848816 -0.0271452 0
73 -0.874891 -0.026075 0
74 -0.899793 -0.0249016 0
75 -0.923435 -0.0236421 2
76 -0.943747 -0.0203125 2
77 -0.960679 -0.0169319 1
78 -0.975195 -0.0145156 1
79 -0.987268 -0.0120737 1
80 -0.996882 -0.00961402 2
81 -1.00302 -0.00614245 2
82 -1.00569 -0.00266437 2
83 -1.00487 0.000816271 1
84 -1.00158 0.00329615 1
85 -0.995804 0.00577277 2
86 -0.986561 0.00924311 2
87 -0.973859 0.0127019 2
88 -0.957717 0.0161416 2
89 -0.938165 0.0195521 2
90 -0.915246 0.0229195 2
91 -0.88902 0.0262262 2
92 -0.85957 0.0294499 2
93 -0.827005 0.0325642 2
94 -0.791467 0.0355383 2
95 -0.753129 0.038338 2
96 -0.712203 0.0409266 2
97 -0.668936 0.0432669 2
98 -0.623613 0.0453227 2
99 -0.576551 0.0470616 2
100 -0.528094 0.0484571 2
101 -0.478604 0.0494908 2
102 -0.428449 0.0501543 2
103 -0.377999 0.0504504 1
104 -0.328606 0.0493928 2
105 -0.279594 0.0490123 2
106 -0.231252 0.0483414 2
107 -0.183833 0.0474193 2
108 -0.137543 0.0462899 2
109 -0.0925434 0.0449997 2
110 -0.0489479 0.0435955 2
111 -0.00682555 0.0421224 2
112 0.0337974 0.0406229 0
113 0.0709331 0.0371357 2
114 0.106625 0.0356921 2
115 0.140944 0.0343189 2
116 0.173983 0.0330391 2
117 0.205855 0.031872 1
118 0.235689 0.0298338 2
119 0.264622 0.0289331 2
120 0.292803 0.0281804 2
121 0.320387 0.0275844 2
122 0.34754 0.027153 2
123 0.374433 0.0268931 2
124 0.401244 0.0268113 2
125 0.428159 0.0269141 2
126 0.455367 0.0272081 2
127 0.483067 0.0276999 2
128 0.511463 0.0283967 1
129 0.539769 0.0283057 1
130 0.568196 0.0284269 1
131 0.596956 0.0287604 1
132 0.6 0.0293061 1
